 6323.354492  -45.285114  324.285522
 6322.301270  -46.773140  324.066345
 6333.596191  -10.233250  325.624207
 6340.209473    0.679213  325.767914
 6323.356445  -45.288166  324.331299
 6322.303711  -46.776382  324.112640
 6333.592773  -10.238937  325.666656
 6306.687988  -49.727829  319.046173
 6306.419434  -49.185223  318.929199
 6306.421387  -49.216068  319.116302
 6333.559082  -10.296600  326.104279
 6340.127441    0.687234  326.534210
 6340.127930    0.582063  326.534241
 6318.409668  -32.399086  324.017395
 6328.316406  -18.969048  325.916687
 6329.144531  -17.694704  326.016541
 6340.093262    0.374330  326.534424
 6327.034180  -38.610062  325.737152
 6340.086426    0.638260  326.924194
 6322.097168  -27.806530  325.306519
 6323.014160  -26.586334  325.489105
 6328.309570  -18.999525  326.324738
 6339.124023    0.713189  326.926300
 6340.052246    0.325509  326.924408
 6340.026855    0.223449  326.924530
 6305.887695  -47.596790  320.770905
 6322.128906  -27.817617  325.862061
 6323.040527  -26.598322  326.039276
 6337.851074   -1.969537  327.428009
 6337.330566   -9.048336  327.425659
 6336.898438  -10.466922  327.420898
 6325.250488  -42.293884  326.419342
 6339.958008    0.293225  328.066681
 6305.876465  -47.644928  321.634460
 6337.445312   -2.748627  328.068146
 6337.790039   -2.049811  328.069611
 6339.970703    0.397605  328.066528
 6336.847656  -10.548594  328.063629
 6339.884766    0.210117  328.819183
 6305.878418  -47.801880  322.648315
 6327.409668  -20.473867  328.209595
 6339.896484    0.314325  328.818970
 6305.879395  -47.980103  323.887421
 6339.507324   -0.236568  333.733154
 6321.940430  -29.017263  335.053955
 6326.173828  -41.868919  337.473785
 6327.179688  -21.537077  337.566711
 6328.004883  -20.229090  337.601776
 6339.396484   -0.442180  337.737488
 6339.411621   -0.244752  339.739807
 6339.387695   -0.450261  339.740112
 6339.420898   -0.230243  341.742493
 6339.446289   -0.197350  343.745087
 6324.722656  -46.286301  345.982544
 6322.924805  -50.212978  350.459381
 6321.867676  -51.745792  350.612579
 6317.256348  -38.526711  357.957825
 6318.180176  -37.301903  357.787598
 6305.771973  -53.302288  361.488129
 6313.499512  -43.693489  361.032990
 6320.828613  -33.964691  359.514282
 6338.951172    0.540560  357.764587
 6339.823730    0.200145  359.761139
 6309.654785  -48.878849  366.670593
 6305.810547  -54.845772  366.836212
 6329.666504  -19.878849  362.373138
 6339.792480    0.247179  362.687866
 6339.783691    0.144463  362.687531
 6319.958008  -35.949657  365.171661
 6335.868652  -16.235945  362.759766
 6339.759277    0.110101  363.443207
 6339.741699    0.007855  363.443207
 6319.741211  -36.341640  365.999023
 6339.742188    0.175649  364.087158
 6339.733887    0.072801  364.086792
 6338.224121   -6.490260  364.098328
 6305.767090  -54.834614  369.962402
 6328.702148  -21.855309  364.855957
 6333.136719  -12.948714  364.353149
 6322.358398  -32.511852  365.993439
 6339.718750    0.142368  364.590759
 6338.216309   -6.489083  364.602356
 6305.743652  -54.873650  370.648834
 6323.144043  -31.339584  366.309845
 6324.240234  -51.446957  366.477997
 6325.203613  -49.564880  366.610779
 6339.658203    0.081073  365.625458
 6339.652832    0.076358  365.709412
 6339.650391    0.073998  365.751465
 6339.649414    0.073207  365.765564
 6350.955566    0.980571  325.127960
 6350.972656    1.345090  325.127716
 6379.661621  -17.448666  323.349701
 6350.955566    0.980575  325.128082
 6350.972656    1.345093  325.127838
 6379.636230  -17.351566  323.352509
 6379.661621  -17.448669  323.349792
 6350.955566    0.981010  325.142517
 6379.636230  -17.352016  323.367554
 6379.661621  -17.449118  323.364838
 6350.955078    0.982308  325.185547
 6350.972168    1.346821  325.185272
 6379.635742  -17.353359  323.412354
 6379.661133  -17.450459  323.409668
 6350.955078    0.984904  325.271484
 6379.635254  -17.356045  323.501892
 6379.660645  -17.453142  323.499207
 6379.660156  -17.457630  323.648346
 6350.952637    0.995857  325.629242
 6378.850098  -15.424436  323.954651
 6379.057617  -15.935012  323.933411
 6379.659180  -17.464458  323.871979
 6350.950684    1.005432  325.929688
 6378.848145  -15.433901  324.266724
 6379.657227  -17.474350  324.185028
 6379.654785  -17.488686  324.602386
 6377.403809  -15.848762  324.826569
 6377.116699  -15.420710  324.855164
 6350.964355    1.383720  326.329987
 6376.105469  -13.965226  325.487244
 6379.590332  -17.318121  325.144775
 6378.305176  -17.190031  325.270203
 6350.958984    1.403894  326.844940
 6376.453613  -14.512317  326.132080
 6376.096191  -13.989635  326.167023
 6371.291992    0.885608  326.612427
 6373.188965   -2.580175  326.443481
 6379.584473  -17.348322  325.830170
 6378.298828  -17.219915  325.952606
 6379.645020  -17.539785  325.824524
 6373.743164   -3.790847  328.158417
 6374.280273   -4.926436  328.109344
 6350.855469    1.449575  333.310394
 6350.818359    1.633331  335.355835
 6379.437012  -18.180302  336.141327
 6379.469727  -18.276546  336.139618
 6350.790527    2.196476  337.401215
 6379.397949  -18.407492  338.272064
 6379.429688  -18.504278  338.270630
 6379.357422  -18.638668  340.402740
 6379.348145  -18.970474  342.532654
 6379.371094  -19.070560  342.532074
 6378.545410  -17.174501  344.682709
 6350.594238    4.263776  355.811493
 6379.268066  -19.610111  361.714722
 6350.604004    5.023685  362.892792
 6364.918945    6.707924  363.001190
 6379.268555  -19.616154  362.698212
 6350.605469    5.081526  363.665161
 6379.269043  -19.620182  363.502899
 6369.964355   -8.305964  364.389343
 6350.824219    4.217154  364.325348
 6350.605957    5.126323  364.323120
 6365.821777    5.698655  364.448486
 6366.697266    4.674776  364.441833
 6379.269531  -19.623026  364.188416
 6350.646484    5.439898  364.323578
 6378.229492  -19.838364  364.679596
 6350.823730    4.250061  364.840393
 6379.270020  -19.625015  364.724915
 6350.647949    5.471911  364.838562
 6350.607422    5.181513  365.238617
 6350.648926    5.494505  365.239105
 6350.607910    5.197431  365.539062
 6350.608398    5.208495  365.753693
 6350.608398    5.215789  365.896820
 6375.706055  -16.287914  365.900879
 6350.608887    5.220152  365.982758
 6350.608887    5.222335  366.025787
 6350.608887    5.223067  366.040222
 6451.312012    0.016103  312.170166
 6406.343750  -40.279770  319.785278
 6451.308105   -0.087263  312.170563
 6406.344238  -40.282043  319.803040
 6451.312500    0.017963  312.266144
 6406.346191  -40.288776  319.855652
 6451.308594   -0.085410  312.266418
 6451.313965    0.020751  312.409637
 6447.228027  -12.159213  312.943604
 6451.318848    0.032750  313.007324
 6451.300293   -0.161613  313.510986
 6451.323730    0.043638  313.509277
 6406.370117  -40.394650  320.766327
 6451.307617   -0.144436  314.180176
 6406.373047  -40.424068  321.256561
 6407.333496  -42.235134  321.681091
 6407.313965  -42.238873  322.494965
 6406.241211  -39.914886  322.707916
 6451.382324    0.185163  317.428589
 6432.464355  -41.911983  319.072418
 6451.416504    0.267679  319.005615
 6406.062500  -40.872963  329.765015
 6405.844238  -40.946438  332.264465
 6405.636230  -41.157822  334.764343
 6405.481934  -40.645771  334.776886
 6405.583984  -39.067368  334.761292
 6452.080078    1.744566  336.083130
 6405.317383  -39.179489  337.251770
 6452.261719    2.249884  339.496368
 6452.255859    2.145654  339.496765
 6452.447754    2.693589  342.909485
 6404.372070  -41.521900  344.719421
 6404.253906  -41.015617  344.718140
 6404.026367  -41.630066  347.204437
 6443.803223  -21.710056  353.000061
 6453.046875    4.118904  356.568573
 6453.726562    5.576912  375.222687
 6448.324219  -10.309129  374.908508
 6447.609863  -12.339971  374.864532
 6446.850098  -14.443728  374.815857
 6444.655762   -8.184300  374.656250
 6453.793457    5.901453  376.513367
 6449.689941   -6.437669  376.266266
 6448.362305  -10.246643  376.184570
 6443.702148   -9.616733  375.840637
 6444.671387   -8.129155  375.921753
 6452.654297    2.285575  376.443573
 6447.298828   -3.930749  376.114380
 6453.834961    5.999477  377.612030
 6452.313965    1.247642  377.515686
 6451.888184   -0.023987  377.489349
 6452.695801    2.374102  377.539581
 6453.867188    6.076097  378.471893
 6452.345703    1.313859  378.372864
 6451.919922    0.038999  378.345795
 6452.725586    5.845303  378.397339
 6443.442871  -23.382002  377.735870
 6453.892578    6.135735  379.140686
 6445.296387  -18.752684  378.551636
 6444.406738  -21.051121  378.476349
 6434.727051  -39.438473  377.277344
 6452.750977    5.904106  379.064514
 6452.868652    6.134504  379.072296
 6447.715820  -12.181520  378.734436
 6445.306641  -18.744766  379.044556
 6444.416016  -21.046679  378.968201
 6453.934082    6.129139  380.239685
 6453.915527    6.024559  380.238373
 6453.939453    6.141939  380.383087
 6453.920898    6.037360  380.381775
 6453.942383    6.148345  380.454865
 6453.923828    6.043766  380.453552
 6453.943359    6.150488  380.478882
 6401.677246  -42.030708  369.603088
 6464.040527    2.309408  311.150879
 6464.044922    2.510857  311.150635
 6497.475098  -15.992208  311.149292
 6497.529785  -16.144104  311.149658
 6464.044922    2.510836  311.150635
 6464.040527    2.309412  311.151001
 6464.044922    2.510860  311.150757
 6493.192871   -7.923565  311.098511
 6493.747070   -8.896877  311.107117
 6497.529785  -16.144104  311.149780
 6464.044922    2.510839  311.150757
 6464.040527    2.310100  311.175659
 6464.045410    2.511555  311.175415
 6493.192871   -7.923839  311.123047
 6497.529297  -16.144213  311.174347
 6464.045410    2.511533  311.175415
 6464.313477    3.481682  311.159607
 6464.045898    2.513632  311.249176
 6497.473633  -15.992657  311.247345
 6464.045898    2.513610  311.249176
 6464.042480    2.316278  311.396729
 6497.526855  -16.145191  311.394348
 6464.044434    2.323207  311.642181
 6493.189453   -7.929064  311.587433
 6497.524414  -16.146294  311.638641
 6497.558105  -16.304607  311.638885
 6497.466309  -15.996243  312.004669
 6497.520508  -16.148016  312.005035
 6497.554688  -16.306253  312.005280
 6464.051758    2.535537  312.010284
 6497.460449  -15.998987  312.517548
 6497.548828  -16.308798  312.518158
 6464.056152    2.551597  312.525757
 6495.367676  -15.939439  313.181274
 6497.451660  -16.003576  313.201355
 6464.094727    2.776634  313.211731
 6492.486328  -12.745703  314.019623
 6464.068848    2.413239  314.095978
 6464.074707    2.615844  314.096497
 6497.437988  -16.011276  314.080444
 6464.084961    2.471395  315.224579
 6464.091797    2.674771  315.225372
 6497.417969  -16.023514  315.203644
 6497.389648  -16.040901  316.522064
 6497.443359  -16.190939  316.522491
 6486.645996    1.183540  324.975861
 6497.030273  -16.603527  328.604095
 6464.600586    4.088455  332.191162
 6491.673340   -6.860017  332.040405
 6464.753906    4.634907  335.696106
 6464.923340    5.219717  339.200317
 6465.102539    5.613302  342.696289
 6495.133301  -17.957703  370.473206
 6488.405762  -11.876166  373.968140
 6495.103516  -18.171734  373.965546
 6491.417480  -11.364575  375.561859
 6495.075684  -18.206854  375.577087
 6485.737793   -1.712532  375.614288
 6475.833984    1.361422  377.112457
 6495.056152  -18.232616  376.895691
 6495.038574  -18.617579  376.895477
 6494.980957  -18.734552  376.894806
 6492.354004  -16.774624  378.002930
 6490.077637  -13.971741  378.010406
 6489.520020  -13.311791  378.014679
 6494.880859  -17.895132  378.017181
 6495.041992  -18.252262  378.019012
 6494.965332  -18.754990  378.018097
 6492.341309  -16.786299  378.882019
 6490.594727  -14.607621  378.886627
 6495.031738  -18.266020  378.898163
 6490.586914  -14.613568  379.570740
 6495.025391  -18.275396  379.581970
 6490.887207  -10.572992  379.569183
 6471.261719    6.006333  380.375580
 6495.020996  -18.281662  380.094879
 6467.138672   10.390937  380.346130
 6471.263672    6.017987  380.744598
 6467.144043   10.407138  380.714020
 6495.015625  -18.288750  380.705597
 6467.147949   10.417744  380.959290
 6471.265625    6.030169  381.138306
 6470.723633    6.563680  381.138458
 6494.745117  -17.741880  380.849091
 6495.014160  -18.291258  380.925598
 6467.150879   10.427230  381.180206
 6495.014160  -18.291538  380.950165
 6467.151367   10.428287  381.204865
