  
START OF JOB WITH CODE Wand ON 05/29/2025  14:32:11
  
 **************************************************************
 *                                                            *
 *        ----------      CODE Wand      ---------------      *
 *        ---------- COPY RIGHT MATERIAL ---------------      *
 *        -------- AERODYNAMIC SOLUTIONS INC -----------      *
 *                                                            *
 *                        CODE HISTORY                        *
 *     ***** Release:  Code Wand version  11.24.08    ******  *
 *                                                            *
 **************************************************************
  
 IN AIRIN: READ AIRIN.LIST
 INTYPE OUTYPE  IGRID  IPOSS ICLS  IWAL   IFAN    ILEO
    -3     6     1     1     2     0     3     0
 ***BETTER TIP CLEARANCE MESH IS ON***
     0     0     0
 IBLADE  KSPAN  ADVD
           3
 NART =           0
    65    41     1     0
 IUP    IDW     JGAP
    17    13    65     0    65
 IPOSS,IHCDT           1           0
 NFILES    IPLOT    NITER
 IGAMMA =           0
     4     1  8000     1
 2          65          65
 FILENAME                                                                       
  
blade0.agf                                                                      
 IUP    IDW     JGP 
          17          13          65
 ADVD,OJLOC           1          65
blade1.agf                                                                      
 IUP    IDW     JGP 
          13          13          41
 ADVD,OJLOC           1          41
blade2.agf                                                                      
 IUP    IDW     JGP 
          13          25          41
 ADVD,OJLOC           1          41
blade3.agf                                                                      
 IUP    IDW     JGP 
          13          25          41
 ADVD,OJLOC           1          41
 IPOSS =            1 IF IPOSS = 1, LAPLACE MESH USED
 3          65          41
 GRID-CONTROL : F
 OMESH-MULT   :   1.000000    
 LETE-OPT     :           0
 UPSTR_ENDWALL: F
 DWALL_OMESH  :  9.9999997E-05
 DUCT_EXT_JM  :          33
 HMESHDW-TEA  : F
 NO_FAN_DUCT  : F
 K_MESH_NEW   : F
 END OF RDAIRIN
  
 SECTION =            1  OUT OF            5
 SECTION =            2  OUT OF            5
 SECTION =            3  OUT OF            5
 SECTION =            4  OUT OF            5
 SECTION =            5  OUT OF            5
  
 START: LETE DATA
 ROW =            1
 
  LEADING AND TRAILING EDGE DIAMETER CALCULATION
  THIS SECTION CAN BE USED TO DIAGNOSE PROBLEMS WITH THE INCOMING SECTION DATA
  LE/TE RADIUS,IMN, XatXMIN, AND RatXMIN LOCATION
  SHOULD VARY SMOOTHLY ALONG THE SPAN
 
        K      NBNEW      IXMN      LETE      ITYY     LED-in      TED-in     XatIXMN     Tatixmn    RatIXMN    LEMA(DEG)     TEMA(DEG)  CHORD
         1        70        24         0         3    Infinity    0.624998  248.260162 -710.353882   -2.054563  -19.626534    0.108501  710.455383
 
WARNING: POSSIBLE MISORDERED POINTS IN INPUT
         2        59        27         0         3   -0.000660   -0.022215  248.273026 -775.705750   -2.120807   -0.142821    0.393787  776.026550
 
WARNING: POSSIBLE MISORDERED POINTS IN INPUT
WARNING: POSSIBLE MISORDERED POINTS IN INPUT
         3        90        35         0         3   -0.001568   -0.008224  248.274246 -603.350586   -1.852161    0.964842   -0.085420  603.483215
 
WARNING: POSSIBLE MISORDERED POINTS IN INPUT
         4        96        40         0         3    0.000568    0.012810  248.261047 -576.252869   -1.833882   -0.998970   -0.248168  591.040161
 
WARNING: POSSIBLE MISORDERED POINTS IN INPUT
WARNING: POSSIBLE MISORDERED POINTS IN INPUT
         5        62        27         0         3    0.001104   -0.022222  248.279526 -785.606689   -2.130374   -0.222671    0.446037  780.529602
 
  
 PRINT OUT OF AIRFOIL SECTION DATA TRANSLATION IN CYLINDRICAL COORDINATES
     K    I     XS1       YS1       XS2       YS2       ZS1       ZS2
    3    1     248.27425    -603.35059     248.27425    -603.35059      -1.85216      -1.85216
    3    2     248.27428    -603.32825     248.27420    -603.37909      -1.85209      -1.85225
    3    3     248.27438    -603.26367     248.27408    -603.46173      -1.85189      -1.85250
    3    4     248.27454    -603.16315     248.27388    -603.59076      -1.85159      -1.85290
    3    5     248.27473    -603.03662     248.27364    -603.75360      -1.85120      -1.85340
    3    6     248.27496    -602.89661     248.27336    -603.93457      -1.85077      -1.85395
    3    7     248.27519    -602.75702     248.27310    -604.11609      -1.85034      -1.85451
    3    8     248.29219    -594.64899     248.26230    -616.07104      -1.82545      -1.89121
    3    9     248.33307    -581.76343     248.27049    -639.34991      -1.78589      -1.96267
    3   10     248.39154    -563.65729     248.31546    -669.20264      -1.73031      -2.05431
    3   11     248.46259    -540.06079     248.41582    -694.91125      -1.65787      -2.13323
    3   12     248.54189    -511.01740     248.56491    -699.60291      -1.56872      -2.14763
    3   13     248.62898    -477.75623     248.72235    -679.00354      -1.46661      -2.08440
    3   14     248.72246    -441.15125     248.86029    -638.71039      -1.35424      -1.96071
    3   15     248.81885    -401.56018     248.97270    -585.95312      -1.23271      -1.79875
    3   16     248.91481    -359.38913     249.06665    -526.60205      -1.10325      -1.61656
    3   17     249.00899    -315.55991     249.14838    -463.97586      -0.96870      -1.42431
    3   18     249.10039    -271.08044     249.22197    -400.25177      -0.83216      -1.22869
    3   19     249.18655    -226.60771     249.28827    -336.93628      -0.69564      -1.03432
    3   20     249.26584    -182.98488     249.34790    -275.41290      -0.56172      -0.84546
    3   21     249.33690    -141.12157     249.40155    -217.07173      -0.43321      -0.66637
    3   22     249.39946    -102.11630     249.45068    -163.29596      -0.31348      -0.50129
    3   23     249.45332     -67.03902     249.49448    -115.37002      -0.20579      -0.35417
    3   24     249.49817     -36.92432     249.53014     -74.47691      -0.11335      -0.22863
    3   25     249.53334     -12.59017     249.55713     -41.65897      -0.03865      -0.12788
    3   26     249.55870       4.48271     249.57689     -18.26219       0.01376      -0.05606
    3   27     249.61307      -1.87767     249.58669      -5.35776      -0.00576      -0.01645
    3   28     249.63213      -6.19540     249.58774      -3.87439      -0.01902      -0.01189
    3   29     249.63152      -6.66694     249.58861      -2.61881      -0.02046      -0.00804
    3   30     249.61914      -4.77796     249.58911      -1.85226      -0.01466      -0.00569
    3   31     249.60440      -2.31649     249.58940      -1.39627      -0.00711      -0.00429
    3   32     249.59380      -0.50949     249.58955      -1.13925      -0.00156      -0.00350
    3   33     249.59006       0.12835     249.58960      -1.05307       0.00039      -0.00323
 
 PRINT OUT OF AIRFOIL SECTION DATA TRANSLATION IN MERIDIONAL COORDINATES
    K    I     XS1       YS1       XS2       YS2       ZS1       ZS2
    3    1     248.27425    -603.35059     248.27425    -603.35059      -1.85216      -1.85216
    3    2     248.27428    -603.32825     248.27420    -603.37909      -1.85209      -1.85225
    3    3     248.27438    -603.26367     248.27408    -603.46173      -1.85189      -1.85250
    3    4     248.27454    -603.16315     248.27388    -603.59076      -1.85159      -1.85290
    3    5     248.27473    -603.03662     248.27364    -603.75360      -1.85120      -1.85340
    3    6     248.27496    -602.89661     248.27336    -603.93457      -1.85077      -1.85395
    3    7     248.27519    -602.75702     248.27310    -604.11609      -1.85034      -1.85451
    3    8     248.29219    -594.64899     248.26230    -616.07104      -1.82545      -1.89121
    3    9     248.33307    -581.76343     248.27049    -639.34991      -1.78589      -1.96267
    3   10     248.39154    -563.65729     248.31546    -669.20264      -1.73031      -2.05431
    3   11     248.46259    -540.06079     248.41582    -694.91125      -1.65787      -2.13323
    3   12     248.54189    -511.01740     248.56491    -699.60291      -1.56872      -2.14763
    3   13     248.62898    -477.75623     248.72235    -679.00354      -1.46661      -2.08440
    3   14     248.72246    -441.15125     248.86029    -638.71039      -1.35424      -1.96071
    3   15     248.81885    -401.56018     248.97270    -585.95312      -1.23271      -1.79875
    3   16     248.91481    -359.38913     249.06665    -526.60205      -1.10325      -1.61656
    3   17     249.00899    -315.55991     249.14838    -463.97586      -0.96870      -1.42431
    3   18     249.10039    -271.08044     249.22197    -400.25177      -0.83216      -1.22869
    3   19     249.18655    -226.60771     249.28827    -336.93628      -0.69564      -1.03432
    3   20     249.26584    -182.98488     249.34790    -275.41290      -0.56172      -0.84546
    3   21     249.33690    -141.12157     249.40155    -217.07173      -0.43321      -0.66637
    3   22     249.39946    -102.11630     249.45068    -163.29596      -0.31348      -0.50129
    3   23     249.45332     -67.03902     249.49448    -115.37002      -0.20579      -0.35417
    3   24     249.49817     -36.92432     249.53014     -74.47691      -0.11335      -0.22863
    3   25     249.53334     -12.59017     249.55713     -41.65897      -0.03865      -0.12788
    3   26     249.55870       4.48271     249.57689     -18.26219       0.01376      -0.05606
    3   27     249.61307      -1.87767     249.58669      -5.35776      -0.00576      -0.01645
    3   28     249.63213      -6.19540     249.58774      -3.87439      -0.01902      -0.01189
    3   29     249.63152      -6.66694     249.58861      -2.61881      -0.02046      -0.00804
    3   30     249.61914      -4.77796     249.58911      -1.85226      -0.01466      -0.00569
    3   31     249.60440      -2.31649     249.58940      -1.39627      -0.00711      -0.00429
    3   32     249.59380      -0.50949     249.58955      -1.13925      -0.00156      -0.00350
    3   33     249.59006       0.12835     249.58960      -1.05307       0.00039      -0.00323
 END: LETE DATA
 SECTION =            1  OUT OF            5
 SECTION =            2  OUT OF            5
 SECTION =            3  OUT OF            5
 SECTION =            4  OUT OF            5
 SECTION =            5  OUT OF            5
  
 START: LETE DATA
 ROW =            2
 
  LEADING AND TRAILING EDGE DIAMETER CALCULATION
  THIS SECTION CAN BE USED TO DIAGNOSE PROBLEMS WITH THE INCOMING SECTION DATA
  LE/TE RADIUS,IMN, XatXMIN, AND RatXMIN LOCATION
  SHOULD VARY SMOOTHLY ALONG THE SPAN
 
        K      NBNEW      IXMN      LETE      ITYY     LED-in      TED-in     XatIXMN     Tatixmn    RatIXMN    LEMA(DEG)     TEMA(DEG)  CHORD
         1       113        39         0         3   -0.682554    0.001336  250.038025   14.846941    0.045913    0.207488   -0.084872  237.708160
 
WARNING: POSSIBLE MISORDERED POINTS IN INPUT
         2       108        35         0         3   -0.000968   -0.009768  250.040482   21.884193    0.063488   -0.655256    0.279609  286.292328
 
WARNING: POSSIBLE MISORDERED POINTS IN INPUT
WARNING: POSSIBLE MISORDERED POINTS IN INPUT
WARNING: POSSIBLE MISORDERED POINTS IN INPUT
         3        91        57         0         3   -0.000359   -0.000808  250.033859   62.633461    0.171122    0.827464   -0.046482  348.916321
 
         4       114        40         0         3   -0.001486   -0.000220  250.038025   14.823614    0.045913    0.608688   -0.087082  237.334747
 
WARNING: POSSIBLE MISORDERED POINTS IN INPUT
WARNING: POSSIBLE MISORDERED POINTS IN INPUT
WARNING: POSSIBLE MISORDERED POINTS IN INPUT
         5        91        57         0         3    0.000337   -0.000835  250.033859   62.676929    0.171122    0.306438   -0.046956  349.158508
 
  
 PRINT OUT OF AIRFOIL SECTION DATA TRANSLATION IN CYLINDRICAL COORDINATES
     K    I     XS1       YS1       XS2       YS2       ZS1       ZS2
    3    1     250.03386      62.63346     250.03386      62.63346       0.17112       0.17112
    3    2     250.03387      62.62836     250.03386      62.63560       0.17111       0.17113
    3    3     250.03391      62.61360     250.03384      62.64202       0.17107       0.17115
    3    4     250.03395      62.59059     250.03383      62.65187       0.17100       0.17117
    3    5     250.03401      62.56168     250.03380      62.66445       0.17093       0.17121
    3    6     250.03407      62.52980     250.03377      62.67817       0.17084       0.17124
    3    7     250.03415      62.49796     250.03375      62.69204       0.17075       0.17128
    3    8     250.08630      52.63817     250.02472      71.27729       0.14381       0.19474
    3    9     250.19934      47.27971     250.03183      88.38885       0.12918       0.24149
    3   10     250.35106      26.97887     250.06380     110.05134       0.07371       0.30068
    3   11     250.52066     -14.09114     250.12405     131.78188      -0.03850       0.36005
    3   12     250.68909     -76.60774     250.21394     147.26262      -0.20930       0.40234
    3   13     250.85616    -154.19653     250.32545     149.47821      -0.42128       0.40839
    3   14     251.02608    -241.97427     250.44130     135.71640      -0.66111       0.37079
    3   15     251.21100    -290.94922     250.54778     108.70289      -0.79493       0.29699
    3   16     251.06439    -199.65364     250.64107      73.11752      -0.54551       0.19977
    3   17     250.64091     -48.54010     250.72403      33.07006      -0.13263       0.09035
    3   18     250.20334      74.83807     250.79796      -9.30304       0.20448      -0.02542
    3   19     250.01541      84.91512     250.86447     -52.24638       0.23200      -0.14274
    3   20     250.13646     -15.05104     250.92393     -94.51194      -0.04112      -0.25822
    3   21     250.29546    -105.50453     250.97678    -134.91141      -0.28825      -0.36860
    3   22     250.47150    -180.35947     251.02319    -172.40196      -0.49277      -0.47103
    3   23     250.65520    -236.76157     251.06325    -205.91426      -0.64687      -0.56259
    3   24     250.83366    -272.73111     251.09671    -234.49261      -0.74514      -0.64067
    3   25     250.98883    -289.56073     251.12303    -257.23767      -0.79112      -0.70281
    3   26     251.10251    -293.41019     251.14149    -273.26672      -0.80164      -0.74660
    3   27     251.15407    -286.65332     251.15121    -281.72128      -0.78317      -0.76970
    3   28     251.15414    -286.56516     251.15125    -281.75635      -0.78293      -0.76980
    3   29     251.15424    -286.47699     251.15129    -281.79144      -0.78269      -0.76989
    3   30     251.15431    -286.39743     251.15132    -281.82297      -0.78247      -0.76998
    3   31     251.15437    -286.33432     251.15135    -281.84808      -0.78230      -0.77005
    3   32     251.15440    -286.29376     251.15138    -281.86417      -0.78219      -0.77009
    3   33     251.15442    -286.27979     251.15138    -281.86978      -0.78215      -0.77011
 
 PRINT OUT OF AIRFOIL SECTION DATA TRANSLATION IN MERIDIONAL COORDINATES
    K    I     XS1       YS1       XS2       YS2       ZS1       ZS2
    3    1     250.03386      62.63346     250.03386      62.63346       0.17112       0.17112
    3    2     250.03387      62.62836     250.03386      62.63560       0.17111       0.17113
    3    3     250.03391      62.61360     250.03384      62.64202       0.17107       0.17115
    3    4     250.03395      62.59059     250.03383      62.65187       0.17100       0.17117
    3    5     250.03401      62.56168     250.03380      62.66445       0.17093       0.17121
    3    6     250.03407      62.52980     250.03377      62.67817       0.17084       0.17124
    3    7     250.03415      62.49796     250.03375      62.69204       0.17075       0.17128
    3    8     250.08630      52.63817     250.02472      71.27729       0.14381       0.19474
    3    9     250.19934      47.27971     250.03183      88.38885       0.12918       0.24149
    3   10     250.35106      26.97887     250.06380     110.05134       0.07371       0.30068
    3   11     250.52066     -14.09114     250.12405     131.78188      -0.03850       0.36005
    3   12     250.68909     -76.60774     250.21394     147.26262      -0.20930       0.40234
    3   13     250.85616    -154.19653     250.32545     149.47821      -0.42128       0.40839
    3   14     251.02608    -241.97427     250.44130     135.71640      -0.66111       0.37079
    3   15     251.21100    -290.94922     250.54778     108.70289      -0.79493       0.29699
    3   16     251.06439    -199.65364     250.64107      73.11752      -0.54551       0.19977
    3   17     250.64091     -48.54010     250.72403      33.07006      -0.13263       0.09035
    3   18     250.20334      74.83807     250.79796      -9.30304       0.20448      -0.02542
    3   19     250.01541      84.91512     250.86447     -52.24638       0.23200      -0.14274
    3   20     250.13646     -15.05104     250.92393     -94.51194      -0.04112      -0.25822
    3   21     250.29546    -105.50453     250.97678    -134.91141      -0.28825      -0.36860
    3   22     250.47150    -180.35947     251.02319    -172.40196      -0.49277      -0.47103
    3   23     250.65520    -236.76157     251.06325    -205.91426      -0.64687      -0.56259
    3   24     250.83366    -272.73111     251.09671    -234.49261      -0.74514      -0.64067
    3   25     250.98883    -289.56073     251.12303    -257.23767      -0.79112      -0.70281
    3   26     251.10251    -293.41019     251.14149    -273.26672      -0.80164      -0.74660
    3   27     251.15407    -286.65332     251.15121    -281.72128      -0.78317      -0.76970
    3   28     251.15414    -286.56516     251.15125    -281.75635      -0.78293      -0.76980
    3   29     251.15424    -286.47699     251.15129    -281.79144      -0.78269      -0.76989
    3   30     251.15431    -286.39743     251.15132    -281.82297      -0.78247      -0.76998
    3   31     251.15437    -286.33432     251.15135    -281.84808      -0.78230      -0.77005
    3   32     251.15440    -286.29376     251.15138    -281.86417      -0.78219      -0.77009
    3   33     251.15442    -286.27979     251.15138    -281.86978      -0.78215      -0.77011
 END: LETE DATA
 SECTION =            1  OUT OF            4
 SECTION =            2  OUT OF            4
 SECTION =            3  OUT OF            4
 SECTION =            4  OUT OF            4
  
 START: LETE DATA
 ROW =            3
 
  LEADING AND TRAILING EDGE DIAMETER CALCULATION
  THIS SECTION CAN BE USED TO DIAGNOSE PROBLEMS WITH THE INCOMING SECTION DATA
  LE/TE RADIUS,IMN, XatXMIN, AND RatXMIN LOCATION
  SHOULD VARY SMOOTHLY ALONG THE SPAN
WARNING: POSSIBLE MISORDERED POINTS IN INPUT
 
        K      NBNEW      IXMN      LETE      ITYY     LED-in      TED-in     XatIXMN     Tatixmn    RatIXMN    LEMA(DEG)     TEMA(DEG)  CHORD
         1        96        24         0         3   -0.010025   -0.000139  253.955811    3.901630    0.012500   -0.292366    0.017508    4.674138
 
WARNING: POSSIBLE MISORDERED POINTS IN INPUT
         2        86        28         0         3   -1.241840    0.001055  252.117691 -545.435486   -1.574906   89.707977   -0.020382  590.188660
 
WARNING: POSSIBLE MISORDERED POINTS IN INPUT
WARNING: POSSIBLE MISORDERED POINTS IN INPUT
WARNING: POSSIBLE MISORDERED POINTS IN INPUT
         3        83        23         0         3   -0.001381   -0.006333  252.157959 -576.563660   -1.515311   -0.255015    0.133283  675.098816
 
WARNING: POSSIBLE MISORDERED POINTS IN INPUT
         4        96        24         0         3   -0.010353   -0.000138  253.955811    3.880996    0.012500   -0.302111    0.018161    4.649418
 
  
 PRINT OUT OF AIRFOIL SECTION DATA TRANSLATION IN CYLINDRICAL COORDINATES
     K    I     XS1       YS1       XS2       YS2       ZS1       ZS2
    3    1     252.15796    -576.56366     252.15796    -576.56366      -1.51531      -1.51531
    3    2     252.15802    -576.55878     252.15788    -576.57971      -1.51530      -1.51535
    3    3     252.15820    -576.54486     252.15764    -576.62677      -1.51526      -1.51548
    3    4     252.15849    -576.52411     252.15727    -576.70129      -1.51521      -1.51567
    3    5     252.15886    -576.49957     252.15681    -576.79730      -1.51514      -1.51593
    3    6     252.15927    -576.47449     252.15631    -576.90625      -1.51508      -1.51621
    3    7     252.15968    -576.45148     252.15581    -577.01764      -1.51502      -1.51650
    3    8     252.19539    -575.09863     252.10905    -583.20605      -1.51146      -1.53277
    3    9     252.26186    -569.43243     252.03094    -602.44348      -1.49657      -1.58333
    3   10     252.35568    -560.67584     252.02896    -650.35150      -1.47356      -1.70924
    3   11     252.47252    -547.90936     252.13512    -699.80225      -1.44000      -1.83920
    3   12     252.60728    -529.79462     252.29518    -743.69635      -1.39240      -1.95457
    3   13     252.75354    -504.41092     252.50641    -769.17535      -1.32568      -2.02153
    3   14     252.90392    -470.34882     252.74722    -764.53894      -1.23616      -2.00934
    3   15     253.05270    -428.03687     252.98219    -725.82343      -1.12496      -1.90759
    3   16     253.19499    -378.45175     253.18675    -660.75220      -0.99464      -1.73657
    3   17     253.32927    -323.81226     253.35931    -580.72028      -0.85104      -1.52624
    3   18     253.45438    -266.05746     253.50395    -492.94257      -0.69925      -1.29554
    3   19     253.56987    -207.11172     253.62424    -402.03955      -0.54433      -1.05663
    3   20     253.67601    -148.90077     253.72414    -311.60687      -0.39134      -0.81896
    3   21     253.77173     -92.87559     253.81003    -225.05074      -0.24409      -0.59147
    3   22     253.85616     -40.48383     253.88509    -144.88805      -0.10640      -0.38079
    3   23     253.92847       6.81091     253.95064     -73.35800       0.01790      -0.19280
    3   24     253.98778      47.57100     254.00497     -12.20954       0.12503      -0.03209
    3   25     254.03426      81.32119     254.04736      36.66827       0.21372       0.09637
    3   26     254.06583     103.74026     254.07692      71.41518       0.27265       0.18769
    3   27     254.09682     101.69835     254.09274      90.19289       0.26728       0.23704
    3   28     254.09743     100.97831     254.09357      91.17499       0.26539       0.23962
    3   29     254.09798     100.23586     254.09439      92.15691       0.26344       0.24220
    3   30     254.09842      99.55264     254.09514      93.04282       0.26164       0.24453
    3   31     254.09875      99.00481     254.09573      93.74601       0.26020       0.24638
    3   32     254.09897      98.65179     254.09610      94.19742       0.25927       0.24757
    3   33     254.09904      98.53005     254.09624      94.35284       0.25895       0.24798
 
 PRINT OUT OF AIRFOIL SECTION DATA TRANSLATION IN MERIDIONAL COORDINATES
    K    I     XS1       YS1       XS2       YS2       ZS1       ZS2
    3    1     252.15796    -576.56366     252.15796    -576.56366      -1.51531      -1.51531
    3    2     252.15802    -576.55878     252.15788    -576.57971      -1.51530      -1.51535
    3    3     252.15820    -576.54486     252.15764    -576.62677      -1.51526      -1.51548
    3    4     252.15849    -576.52411     252.15727    -576.70129      -1.51521      -1.51567
    3    5     252.15886    -576.49957     252.15681    -576.79730      -1.51514      -1.51593
    3    6     252.15927    -576.47449     252.15631    -576.90625      -1.51508      -1.51621
    3    7     252.15968    -576.45148     252.15581    -577.01764      -1.51502      -1.51650
    3    8     252.19539    -575.09863     252.10905    -583.20605      -1.51146      -1.53277
    3    9     252.26186    -569.43243     252.03094    -602.44348      -1.49657      -1.58333
    3   10     252.35568    -560.67584     252.02896    -650.35150      -1.47356      -1.70924
    3   11     252.47252    -547.90936     252.13512    -699.80225      -1.44000      -1.83920
    3   12     252.60728    -529.79462     252.29518    -743.69635      -1.39240      -1.95457
    3   13     252.75354    -504.41092     252.50641    -769.17535      -1.32568      -2.02153
    3   14     252.90392    -470.34882     252.74722    -764.53894      -1.23616      -2.00934
    3   15     253.05270    -428.03687     252.98219    -725.82343      -1.12496      -1.90759
    3   16     253.19499    -378.45175     253.18675    -660.75220      -0.99464      -1.73657
    3   17     253.32927    -323.81226     253.35931    -580.72028      -0.85104      -1.52624
    3   18     253.45438    -266.05746     253.50395    -492.94257      -0.69925      -1.29554
    3   19     253.56987    -207.11172     253.62424    -402.03955      -0.54433      -1.05663
    3   20     253.67601    -148.90077     253.72414    -311.60687      -0.39134      -0.81896
    3   21     253.77173     -92.87559     253.81003    -225.05074      -0.24409      -0.59147
    3   22     253.85616     -40.48383     253.88509    -144.88805      -0.10640      -0.38079
    3   23     253.92847       6.81091     253.95064     -73.35800       0.01790      -0.19280
    3   24     253.98778      47.57100     254.00497     -12.20954       0.12503      -0.03209
    3   25     254.03426      81.32119     254.04736      36.66827       0.21372       0.09637
    3   26     254.06583     103.74026     254.07692      71.41518       0.27265       0.18769
    3   27     254.09682     101.69835     254.09274      90.19289       0.26728       0.23704
    3   28     254.09743     100.97831     254.09357      91.17499       0.26539       0.23962
    3   29     254.09798     100.23586     254.09439      92.15691       0.26344       0.24220
    3   30     254.09842      99.55264     254.09514      93.04282       0.26164       0.24453
    3   31     254.09875      99.00481     254.09573      93.74601       0.26020       0.24638
    3   32     254.09897      98.65179     254.09610      94.19742       0.25927       0.24757
    3   33     254.09904      98.53005     254.09624      94.35284       0.25895       0.24798
 END: LETE DATA
 SECTION =            1  OUT OF            5
 SECTION =            2  OUT OF            5
 SECTION =            3  OUT OF            5
 SECTION =            4  OUT OF            5
 SECTION =            5  OUT OF            5
  
 START: LETE DATA
 ROW =            4
 
  LEADING AND TRAILING EDGE DIAMETER CALCULATION
  THIS SECTION CAN BE USED TO DIAGNOSE PROBLEMS WITH THE INCOMING SECTION DATA
  LE/TE RADIUS,IMN, XatXMIN, AND RatXMIN LOCATION
  SHOULD VARY SMOOTHLY ALONG THE SPAN
WARNING: POSSIBLE MISORDERED POINTS IN INPUT
WARNING: POSSIBLE MISORDERED POINTS IN INPUT
 
        K      NBNEW      IXMN      LETE      ITYY     LED-in      TED-in     XatIXMN     Tatixmn    RatIXMN    LEMA(DEG)     TEMA(DEG)  CHORD
         1       100        49         0         3    0.000626   -0.002414  254.496399   21.090780    0.067783   -1.159656    0.099604  221.198578
 
WARNING: POSSIBLE MISORDERED POINTS IN INPUT
WARNING: POSSIBLE MISORDERED POINTS IN INPUT
         2        78        32         0         3    0.000564   -0.015349  254.543594   79.224152    0.228921   -0.086318    0.482918  315.425964
 
         3        62        27         0         3    0.000885   -0.205148  254.612091  159.141556    0.417693    1.670795    6.919324  435.936462
 
WARNING: POSSIBLE MISORDERED POINTS IN INPUT
WARNING: POSSIBLE MISORDERED POINTS IN INPUT
         4       100        49         0         3    0.000619   -0.003706  254.496399   21.056345    0.067783   -1.147518    0.145939  220.837463
 
         5        62        27         0         3    0.000885   -0.205758  254.612091  159.300705    0.417693    1.671166    6.939575  436.372375
 
  
 PRINT OUT OF AIRFOIL SECTION DATA TRANSLATION IN CYLINDRICAL COORDINATES
     K    I     XS1       YS1       XS2       YS2       ZS1       ZS2
    3    1     254.61209     159.14156     254.61209     159.14156       0.41769       0.41769
    3    2     254.61209     159.15907     254.61209     159.12523       0.41774       0.41765
    3    3     254.61208     159.21011     254.61211     159.07784       0.41787       0.41753
    3    4     254.61206     159.28964     254.61214     159.00403       0.41808       0.41733
    3    5     254.61203     159.38986     254.61218     158.91113       0.41834       0.41709
    3    6     254.61201     159.50110     254.61221     158.80826       0.41864       0.41682
    3    7     254.61200     159.61246     254.61226     158.70549       0.41893       0.41655
    3    8     254.61275     164.80838     254.61632     154.13466       0.43257       0.40455
    3    9     254.62463     173.43669     254.62982     146.48953       0.45522       0.38449
    3   10     254.65623     180.86932     254.65321     136.71605       0.47472       0.35884
    3   11     254.70280     184.34804     254.68456     124.76179       0.48385       0.32746
    3   12     254.75948     182.49582     254.72238     110.61907       0.47899       0.29034
    3   13     254.82182     175.25414     254.76585      94.46778       0.45998       0.24795
    3   14     254.88710     163.23286     254.81282      76.00124       0.42843       0.19948
    3   15     254.95341     147.00035     254.86534      56.60665       0.38583       0.14857
    3   16     255.01884     126.90163     254.91998      35.27507       0.33308       0.09258
    3   17     255.08252     103.57519     254.97739      12.88908       0.27185       0.03383
    3   18     255.14354      77.56989     255.03674     -10.38223       0.20360      -0.02725
    3   19     255.20184      49.58187     255.09727     -34.32156       0.13014      -0.09008
    3   20     255.25761      20.27996     255.15816     -58.71399       0.05323      -0.15411
    3   21     255.31100      -9.73352     255.21872     -83.31290      -0.02555      -0.21867
    3   22     255.36188     -40.03283     255.27832    -107.86393      -0.10507      -0.28311
    3   23     255.41049     -70.01916     255.33623    -132.12282      -0.18378      -0.34678
    3   24     255.45641     -99.37130     255.39169    -155.85484      -0.26082      -0.40907
    3   25     255.49933    -127.68854     255.44406    -178.81128      -0.33514      -0.46932
    3   26     255.53903    -154.57068     255.49271    -200.70631      -0.40570      -0.52679
    3   27     255.57520    -179.62672     255.53717    -221.21141      -0.47146      -0.58061
    3   28     255.60771    -202.44855     255.57698    -240.00885      -0.53136      -0.62994
    3   29     255.64003    -225.31145     255.61604    -259.04663      -0.59137      -0.67992
    3   30     255.66904    -245.96503     255.65114    -276.23956      -0.64558      -0.72504
    3   31     255.69250    -262.26953     255.68513    -286.59375      -0.68837      -0.75221
    3   32     255.70705    -272.83798     255.70764    -280.52454      -0.71611      -0.73629
    3   33     255.70995    -276.79202     255.70995    -276.79202      -0.72649      -0.72649
 
 PRINT OUT OF AIRFOIL SECTION DATA TRANSLATION IN MERIDIONAL COORDINATES
    K    I     XS1       YS1       XS2       YS2       ZS1       ZS2
    3    1     254.61209     159.14156     254.61209     159.14156       0.41769       0.41769
    3    2     254.61209     159.15907     254.61209     159.12523       0.41774       0.41765
    3    3     254.61208     159.21011     254.61211     159.07784       0.41787       0.41753
    3    4     254.61206     159.28964     254.61214     159.00403       0.41808       0.41733
    3    5     254.61203     159.38986     254.61218     158.91113       0.41834       0.41709
    3    6     254.61201     159.50110     254.61221     158.80826       0.41864       0.41682
    3    7     254.61200     159.61246     254.61226     158.70549       0.41893       0.41655
    3    8     254.61275     164.80838     254.61632     154.13466       0.43257       0.40455
    3    9     254.62463     173.43669     254.62982     146.48953       0.45522       0.38449
    3   10     254.65623     180.86932     254.65321     136.71605       0.47472       0.35884
    3   11     254.70280     184.34804     254.68456     124.76179       0.48385       0.32746
    3   12     254.75948     182.49582     254.72238     110.61907       0.47899       0.29034
    3   13     254.82182     175.25414     254.76585      94.46778       0.45998       0.24795
    3   14     254.88710     163.23286     254.81282      76.00124       0.42843       0.19948
    3   15     254.95341     147.00035     254.86534      56.60665       0.38583       0.14857
    3   16     255.01884     126.90163     254.91998      35.27507       0.33308       0.09258
    3   17     255.08252     103.57519     254.97739      12.88908       0.27185       0.03383
    3   18     255.14354      77.56989     255.03674     -10.38223       0.20360      -0.02725
    3   19     255.20184      49.58187     255.09727     -34.32156       0.13014      -0.09008
    3   20     255.25761      20.27996     255.15816     -58.71399       0.05323      -0.15411
    3   21     255.31100      -9.73352     255.21872     -83.31290      -0.02555      -0.21867
    3   22     255.36188     -40.03283     255.27832    -107.86393      -0.10507      -0.28311
    3   23     255.41049     -70.01916     255.33623    -132.12282      -0.18378      -0.34678
    3   24     255.45641     -99.37130     255.39169    -155.85484      -0.26082      -0.40907
    3   25     255.49933    -127.68854     255.44406    -178.81128      -0.33514      -0.46932
    3   26     255.53903    -154.57068     255.49271    -200.70631      -0.40570      -0.52679
    3   27     255.57520    -179.62672     255.53717    -221.21141      -0.47146      -0.58061
    3   28     255.60771    -202.44855     255.57698    -240.00885      -0.53136      -0.62994
    3   29     255.64003    -225.31145     255.61604    -259.04663      -0.59137      -0.67992
    3   30     255.66904    -245.96503     255.65114    -276.23956      -0.64558      -0.72504
    3   31     255.69250    -262.26953     255.68513    -286.59375      -0.68837      -0.75221
    3   32     255.70705    -272.83798     255.70764    -280.52454      -0.71611      -0.73629
    3   33     255.70995    -276.79202     255.70995    -276.79202      -0.72649      -0.72649
 END: LETE DATA
 START: DW
 ROW =            1
 OLD DW   6553.200       318.0870       6553.200       399.1846    
 NEW DW   6233.378       40.12823       6221.401       45.55170    
 END: DW
 SECTION =            1  OUT OF            5
 SECTION =            2  OUT OF            5
 SECTION =            3  OUT OF            5
 SECTION =            4  OUT OF            5
 SECTION =            5  OUT OF            5
  
 START: LETE DATA
 ROW =            1
 
  LEADING AND TRAILING EDGE DIAMETER CALCULATION
  THIS SECTION CAN BE USED TO DIAGNOSE PROBLEMS WITH THE INCOMING SECTION DATA
  LE/TE RADIUS,IMN, XatXMIN, AND RatXMIN LOCATION
  SHOULD VARY SMOOTHLY ALONG THE SPAN
 
        K      NBNEW      IXMN      LETE      ITYY     LED-in      TED-in     XatIXMN     Tatixmn    RatIXMN    LEMA(DEG)     TEMA(DEG)  CHORD
         1        70        24         0         3    Infinity    0.624998  248.260162 -710.353882   -2.054563  -19.626534    0.108501  710.455383
 
WARNING: POSSIBLE MISORDERED POINTS IN INPUT
         2        59        27         0         3   -0.000660   -0.022215  248.273026 -775.705750   -2.120807   -0.142821    0.393787  776.026550
 
WARNING: POSSIBLE MISORDERED POINTS IN INPUT
WARNING: POSSIBLE MISORDERED POINTS IN INPUT
         3        90        35         0         3   -0.001568   -0.008224  248.274246 -603.350586   -1.852161    0.964842   -0.085420  603.483215
 
WARNING: POSSIBLE MISORDERED POINTS IN INPUT
         4        96        40         0         3    0.000568    0.012810  248.261047 -576.252869   -1.833882   -0.998970   -0.248168  591.040161
 
WARNING: POSSIBLE MISORDERED POINTS IN INPUT
WARNING: POSSIBLE MISORDERED POINTS IN INPUT
         5        62        27         0         3    0.001104   -0.022222  248.279526 -785.606689   -2.130374   -0.222671    0.446037  780.529602
 
  
 PRINT OUT OF AIRFOIL SECTION DATA TRANSLATION IN CYLINDRICAL COORDINATES
     K    I     XS1       YS1       XS2       YS2       ZS1       ZS2
    3    1     248.27425    -603.35059     248.27425    -603.35059      -1.85216      -1.85216
    3    2     248.27425    -603.34668     248.27425    -603.35547      -1.85215      -1.85218
    3    3     248.27428    -603.33508     248.27422    -603.37036      -1.85211      -1.85222
    3    4     248.27431    -603.31598     248.27419    -603.39478      -1.85206      -1.85230
    3    5     248.27434    -603.28961     248.27412    -603.42853      -1.85197      -1.85240
    3    6     248.27440    -603.25653     248.27406    -603.47089      -1.85187      -1.85253
    3    7     248.27446    -603.21735     248.27399    -603.52118      -1.85175      -1.85269
    3    8     248.27452    -603.17261     248.27390    -603.57849      -1.85162      -1.85286
    3    9     248.27460    -603.12329     248.27380    -603.64203      -1.85146      -1.85306
    3   10     248.27469    -603.07001     248.27370    -603.71051      -1.85130      -1.85327
    3   11     248.27478    -603.01385     248.27359    -603.78296      -1.85113      -1.85349
    3   12     248.27487    -602.95575     248.27348    -603.85809      -1.85095      -1.85372
    3   13     248.27496    -602.89661     248.27336    -603.93457      -1.85077      -1.85395
    3   14     248.27505    -602.83765     248.27325    -604.01123      -1.85059      -1.85419
    3   15     248.27956    -600.28876     248.26881    -607.45905      -1.84276      -1.86477
    3   16     248.28960    -595.66718     248.26309    -614.40771      -1.82857      -1.88610
    3   17     248.30710    -589.74176     248.26181    -624.83386      -1.81039      -1.91811
    3   18     248.33087    -582.43494     248.26950    -638.14429      -1.78795      -1.95897
    3   19     248.35968    -573.56024     248.28670    -653.57996      -1.76071      -2.00636
    3   20     248.39307    -563.17639     248.31712    -669.89502      -1.72884      -2.05644
    3   21     248.43002    -551.17798     248.36400    -685.14624      -1.69200      -2.10326
    3   22     248.46980    -537.53223     248.42838    -696.51501      -1.65011      -2.13816
    3   23     248.51190    -522.31726     248.50682    -701.02832      -1.60340      -2.15201
    3   24     248.55603    -505.66306     248.59190    -697.75385      -1.55228      -2.14196
    3   25     248.60271    -487.95129     248.67731    -687.43097      -1.49791      -2.11027
    3   26     248.65125    -469.11707     248.75850    -670.81793      -1.44009      -2.05927
    3   27     248.70137    -449.35272     248.83232    -648.81952      -1.37942      -1.99174
    3   28     248.75319    -428.86926     248.89885    -622.93042      -1.31654      -1.91227
    3   29     248.80507    -407.41141     248.95790    -594.00122      -1.25067      -1.82346
    3   30     248.85686    -385.15930     249.01161    -563.08148      -1.18236      -1.72854
    3   31     248.90842    -362.28278     249.06079    -530.72131      -1.11213      -1.62920
    3   32     248.95946    -338.90015     249.10631    -497.36713      -1.04035      -1.52681
    3   33     249.00981    -315.16531     249.14908    -463.40991      -0.96749      -1.42257
    3   34     249.05951    -291.27502     249.18956    -429.14920      -0.89415      -1.31740
    3   35     249.10794    -267.28812     249.22789    -394.83304      -0.82052      -1.21206
    3   36     249.15482    -243.32314     249.26410    -360.66678      -0.74695      -1.10717
    3   37     249.19981    -219.49860     249.29831    -326.86810      -0.67382      -1.00342
    3   38     249.24277    -195.96736     249.33061    -293.65625      -0.60158      -0.90146
    3   39     249.28348    -172.87325     249.36115    -261.24857      -0.53068      -0.80198
    3   40     249.32164    -150.33980     249.38997    -229.86099      -0.46151      -0.70563
    3   41     249.35738    -128.57176     249.41718    -199.70619      -0.39469      -0.61306
    3   42     249.39064    -107.73928     249.44345    -171.00864      -0.33074      -0.52496
    3   43     249.42139     -87.99557     249.46858    -143.96588      -0.27013      -0.44195
    3   44     249.44957     -69.52003     249.49146    -118.75043      -0.21341      -0.36455
    3   45     249.47520     -52.47128     249.51198     -95.55350      -0.16108      -0.29333
    3   46     249.49808     -36.98833     249.53006     -74.56371      -0.11355      -0.22890
    3   47     249.51923     -22.41306     249.54567     -55.96643      -0.06880      -0.17181
    3   48     249.53540     -11.14917     249.55870     -39.78876      -0.03423      -0.12214
    3   49     249.54964      -1.24251     249.56993     -26.46701      -0.00381      -0.08125
    3   50     249.56267       5.53572     249.57877     -16.05623       0.01699      -0.04929
    3   51     249.57971       5.28047     249.58447      -8.44355       0.01621      -0.02592
    3   52     249.62683      -4.90955     249.58725      -4.57692      -0.01507      -0.01405
    3   53     249.63213      -6.19540     249.58774      -3.87439      -0.01902      -0.01189
    3   54     249.63393      -6.79506     249.58817      -3.28059      -0.02086      -0.01007
    3   55     249.63271      -6.80250     249.58850      -2.78894      -0.02088      -0.00856
    3   56     249.62914      -6.34241     249.58876      -2.38854      -0.01947      -0.00733
    3   57     249.62396      -5.55341     249.58897      -2.06497      -0.01704      -0.00634
    3   58     249.61789      -4.57267     249.58914      -1.80461      -0.01403      -0.00554
    3   59     249.61157      -3.52369     249.58928      -1.59474      -0.01081      -0.00489
    3   60     249.60555      -2.50832     249.58937      -1.42582      -0.00770      -0.00438
    3   61     249.60020      -1.60348     249.58946      -1.29119      -0.00492      -0.00396
    3   62     249.59586      -0.86190     249.58952      -1.18743      -0.00264      -0.00364
    3   63     249.59267      -0.31600     249.58957      -1.11296      -0.00097      -0.00342
    3   64     249.59071       0.01672     249.58958      -1.06813       0.00005      -0.00328
    3   65     249.59006       0.12835     249.58960      -1.05307       0.00039      -0.00323
 
 PRINT OUT OF AIRFOIL SECTION DATA TRANSLATION IN MERIDIONAL COORDINATES
    K    I     XS1       YS1       XS2       YS2       ZS1       ZS2
    3    1     248.27425    -603.35059     248.27425    -603.35059      -1.85216      -1.85216
    3    2     248.27425    -603.34668     248.27425    -603.35547      -1.85215      -1.85218
    3    3     248.27428    -603.33508     248.27422    -603.37036      -1.85211      -1.85222
    3    4     248.27431    -603.31598     248.27419    -603.39478      -1.85206      -1.85230
    3    5     248.27434    -603.28961     248.27412    -603.42853      -1.85197      -1.85240
    3    6     248.27440    -603.25653     248.27406    -603.47089      -1.85187      -1.85253
    3    7     248.27446    -603.21735     248.27399    -603.52118      -1.85175      -1.85269
    3    8     248.27452    -603.17261     248.27390    -603.57849      -1.85162      -1.85286
    3    9     248.27460    -603.12329     248.27380    -603.64203      -1.85146      -1.85306
    3   10     248.27469    -603.07001     248.27370    -603.71051      -1.85130      -1.85327
    3   11     248.27478    -603.01385     248.27359    -603.78296      -1.85113      -1.85349
    3   12     248.27487    -602.95575     248.27348    -603.85809      -1.85095      -1.85372
    3   13     248.27496    -602.89661     248.27336    -603.93457      -1.85077      -1.85395
    3   14     248.27505    -602.83765     248.27325    -604.01123      -1.85059      -1.85419
    3   15     248.27956    -600.28876     248.26881    -607.45905      -1.84276      -1.86477
    3   16     248.28960    -595.66718     248.26309    -614.40771      -1.82857      -1.88610
    3   17     248.30710    -589.74176     248.26181    -624.83386      -1.81039      -1.91811
    3   18     248.33087    -582.43494     248.26950    -638.14429      -1.78795      -1.95897
    3   19     248.35968    -573.56024     248.28670    -653.57996      -1.76071      -2.00636
    3   20     248.39307    -563.17639     248.31712    -669.89502      -1.72884      -2.05644
    3   21     248.43002    -551.17798     248.36400    -685.14624      -1.69200      -2.10326
    3   22     248.46980    -537.53223     248.42838    -696.51501      -1.65011      -2.13816
    3   23     248.51190    -522.31726     248.50682    -701.02832      -1.60340      -2.15201
    3   24     248.55603    -505.66306     248.59190    -697.75385      -1.55228      -2.14196
    3   25     248.60271    -487.95129     248.67731    -687.43097      -1.49791      -2.11027
    3   26     248.65125    -469.11707     248.75850    -670.81793      -1.44009      -2.05927
    3   27     248.70137    -449.35272     248.83232    -648.81952      -1.37942      -1.99174
    3   28     248.75319    -428.86926     248.89885    -622.93042      -1.31654      -1.91227
    3   29     248.80507    -407.41141     248.95790    -594.00122      -1.25067      -1.82346
    3   30     248.85686    -385.15930     249.01161    -563.08148      -1.18236      -1.72854
    3   31     248.90842    -362.28278     249.06079    -530.72131      -1.11213      -1.62920
    3   32     248.95946    -338.90015     249.10631    -497.36713      -1.04035      -1.52681
    3   33     249.00981    -315.16531     249.14908    -463.40991      -0.96749      -1.42257
    3   34     249.05951    -291.27502     249.18956    -429.14920      -0.89415      -1.31740
    3   35     249.10794    -267.28812     249.22789    -394.83304      -0.82052      -1.21206
    3   36     249.15482    -243.32314     249.26410    -360.66678      -0.74695      -1.10717
    3   37     249.19981    -219.49860     249.29831    -326.86810      -0.67382      -1.00342
    3   38     249.24277    -195.96736     249.33061    -293.65625      -0.60158      -0.90146
    3   39     249.28348    -172.87325     249.36115    -261.24857      -0.53068      -0.80198
    3   40     249.32164    -150.33980     249.38997    -229.86099      -0.46151      -0.70563
    3   41     249.35738    -128.57176     249.41718    -199.70619      -0.39469      -0.61306
    3   42     249.39064    -107.73928     249.44345    -171.00864      -0.33074      -0.52496
    3   43     249.42139     -87.99557     249.46858    -143.96588      -0.27013      -0.44195
    3   44     249.44957     -69.52003     249.49146    -118.75043      -0.21341      -0.36455
    3   45     249.47520     -52.47128     249.51198     -95.55350      -0.16108      -0.29333
    3   46     249.49808     -36.98833     249.53006     -74.56371      -0.11355      -0.22890
    3   47     249.51923     -22.41306     249.54567     -55.96643      -0.06880      -0.17181
    3   48     249.53540     -11.14917     249.55870     -39.78876      -0.03423      -0.12214
    3   49     249.54964      -1.24251     249.56993     -26.46701      -0.00381      -0.08125
    3   50     249.56267       5.53572     249.57877     -16.05623       0.01699      -0.04929
    3   51     249.57971       5.28047     249.58447      -8.44355       0.01621      -0.02592
    3   52     249.62683      -4.90955     249.58725      -4.57692      -0.01507      -0.01405
    3   53     249.63213      -6.19540     249.58774      -3.87439      -0.01902      -0.01189
    3   54     249.63393      -6.79506     249.58817      -3.28059      -0.02086      -0.01007
    3   55     249.63271      -6.80250     249.58850      -2.78894      -0.02088      -0.00856
    3   56     249.62914      -6.34241     249.58876      -2.38854      -0.01947      -0.00733
    3   57     249.62396      -5.55341     249.58897      -2.06497      -0.01704      -0.00634
    3   58     249.61789      -4.57267     249.58914      -1.80461      -0.01403      -0.00554
    3   59     249.61157      -3.52369     249.58928      -1.59474      -0.01081      -0.00489
    3   60     249.60555      -2.50832     249.58937      -1.42582      -0.00770      -0.00438
    3   61     249.60020      -1.60348     249.58946      -1.29119      -0.00492      -0.00396
    3   62     249.59586      -0.86190     249.58952      -1.18743      -0.00264      -0.00364
    3   63     249.59267      -0.31600     249.58957      -1.11296      -0.00097      -0.00342
    3   64     249.59071       0.01672     249.58958      -1.06813       0.00005      -0.00328
    3   65     249.59006       0.12835     249.58960      -1.05307       0.00039      -0.00323
 END: LETE DATA
  
 SECTION DATA INFORMATION AFTER INTERNAL PROCESSING BY WAND
  
 ITY =            1
 J    IGRID    RMN       LED      LEMA       LEWA       TED      TEMA      TEWA
    1    1 -13.95104********** -82.07735**********       NaN       NaN       NaN
    2    1 -14.02277********** -82.95287**********       NaN       NaN**********
    3    1 -14.09450********** -83.65485**********       NaN       NaN**********
    4    1 -14.25008********** -84.23009**********       NaN       NaN**********
    5    1 -14.32220********** -84.70995**********       NaN       NaN**********
    6    1 -14.47985-460.39526 -85.116327614.06445       NaN       NaN**********
    7    1 -14.63924 515.87335 -85.464837612.17285       NaN       NaN**********
    8    1 -14.800361319.35242 -85.766997114.72314       NaN       NaN**********
    9    1 -14.963311901.91028 -86.031467146.50537       NaN       NaN**********
   10    1 -15.220102244.39966 -86.26488 260.39990       NaN       NaN**********
   11    1 -15.388142355.30103 -86.472401807.68115       NaN       NaN**********
   12    1 -15.558092267.25146 -86.658097593.33057       NaN       NaN**********
   13    1 -15.827582030.74219 -86.825237633.99658       NaN       NaN**********
   14    1 -16.003051705.05957 -86.976467625.90771       NaN       NaN**********
   15    1 -16.180501348.01501 -87.113957620.88281       NaN       NaN**********
   16    1 -16.463631006.98792 -87.239497844.40479       NaN       NaN**********
   17    1 -16.64696 713.54590 -87.354587268.20508       NaN       NaN**********
   18    1 -16.94076 482.55969 -87.460455562.13965       NaN       NaN**********
   19    1 -17.13026 315.09808 -87.558185513.76172       NaN       NaN**********
   20    1 -17.32206 203.31203 -87.648675454.02637       NaN       NaN**********
   21    1 -17.63133 135.37572 -87.732717676.74854       NaN       NaN**********
   22    1 -17.82976  99.16313 -87.810947534.93359       NaN       NaN**********
   23    1 -18.15112  84.22225 -87.883967576.66309       NaN       NaN**********
   24    1 -18.35653  82.32686 -87.952268702.60449       NaN       NaN**********
   25    1 -18.69074  87.22248 -88.016309227.27051       NaN       NaN**********
   26    1 -18.90355  94.16212 -88.076459349.48828       NaN       NaN**********
   27    1 -19.25132  99.59663 -88.133069706.56836       NaN       NaN**********
   28    1 -19.47195 101.10944 -88.186449712.30176       NaN       NaN**********
   29    1 -17.47368  97.48400 -88.236859129.31836       NaN       NaN**********
   30    1 -17.51601  88.72034 -88.284537060.70703       NaN       NaN**********
   31    1 -17.55829  75.86527 -88.32971**********       NaN       NaN**********
   32    1 -17.60050  60.63783 -88.37257**********       NaN       NaN**********
   33    1 -17.64263  44.94381 -88.41328**********       NaN       NaN**********
   34    1 -17.68460  30.42707 -88.45201**********       NaN       NaN**********
   35    1 -17.72645  18.18146 -88.48888**********       NaN       NaN**********
   36    1 -17.76823   8.67223 -88.52406**********       NaN       NaN**********
   37    1 -17.80969   1.83482 -88.55762**********       NaN       NaN**********
   38    1 -17.85090  -2.73018 -88.58969**********       NaN       NaN**********
   39    1 -17.89180  -5.55093 -88.62038**********       NaN       NaN**********
   40    1 -17.93237  -7.12361 -88.64974**********       NaN       NaN**********
   41    1 -17.97255  -7.81457 -88.67789**********       NaN       NaN**********
 WARNING: HAVE PROBLEM IN DEFINING LEADING AND TRAILING EDGE
   MESH GENERATION STOP WITH NANN =          41
