 AIRFOIL # =           1
*SECTION      1
-SECTION-     1   33
>----RAD------XOFF------YOFF------ROTD----CONEANGLE----                                   
    0.0000    0.0000    0.0000    0.0000    0.0000
>----X1--------Y1--------X2--------Y2--------R1-------- R2----                            
    0.0000    0.0000    0.0000    0.0000    0.0000    0.0000
  Infinity  Infinity  Infinity       NaN  Infinity -Infinity
  Infinity  Infinity  Infinity       NaN  Infinity -Infinity
  Infinity  Infinity  Infinity       NaN  Infinity -Infinity
  Infinity  Infinity  Infinity       NaN  Infinity -Infinity
  Infinity  Infinity  Infinity       NaN  Infinity -Infinity
    0.0000    0.0000    0.0000    0.0000    0.0000    0.0000
    0.0000    0.0000    0.0000    0.0000    0.0000    0.0000
    0.0000    0.0000    0.0000    0.0000    0.0000    0.0000
    0.0000    0.0000    0.0000    0.0000    0.0000    0.0000
    0.0000    0.0000    0.0000    0.0000    0.0000    0.0000
    0.0000    0.0000    0.0000    0.0000    0.0000    0.0000
    0.0000    0.0000    0.0000    0.0000    0.0000    0.0000
    0.0000    0.0000    0.0000    0.0000    0.0000    0.0000
    0.0000    0.0000    0.0000    0.0000    0.0000    0.0000
    0.0000    0.0000    0.0000    0.0000    0.0000    0.0000
    0.0000    0.0000    0.0000    0.0000    0.0000    0.0000
    0.0000    0.0000    0.0000    0.0000    0.0000    0.0000
    0.0000    0.0000    0.0000    0.0000    0.0000    0.0000
    0.0000    0.0000    0.0000    0.0000    0.0000    0.0000
    0.0000    0.0000    0.0000    0.0000    0.0000    0.0000
    0.0000    0.0000    0.0000    0.0000    0.0000    0.0000
    0.0000    0.0000    0.0000    0.0000    0.0000    0.0000
    0.0000    0.0000    0.0000    0.0000    0.0000    0.0000
    0.0000    0.0000    0.0000    0.0000    0.0000    0.0000
    0.0000    0.0000    0.0000    0.0000    0.0000    0.0000
 6333.2427-8364.8779 6330.3276-6024.6675  -24.1938  -17.4252
 6334.8789-6359.1309 6332.5923-4519.9507  -18.3920  -13.0731
 6336.4570-4348.2700 6334.7349-2994.0581  -12.5757   -8.6597
 6337.7749-2590.5085 6336.8242-1405.3882   -7.4922   -4.0646
 6338.7588-1220.8296 6338.1221 -387.4435   -3.5311   -1.1206
 6339.3896 -312.8463 6338.9834  183.1436   -0.9049    0.5297
 6339.5864   -5.4824 6339.5874    2.4704   -0.0159    0.0071
*SECTION      1
-SECTION-     2   33
>----RAD------XOFF------YOFF------ROTD----CONEANGLE----                                   
    0.0000    0.0000    0.0000    0.0000    0.0000
>----X1--------Y1--------X2--------Y2--------R1-------- R2----                            
 6306.1348********** 6306.1348**********  -53.8685  -53.8685
 6306.1348********** 6306.1343**********  -53.8689  -53.8689
 6306.1343********** 6306.1338**********  -53.8701  -53.8702
 6306.1338********** 6306.1333**********  -53.8719  -53.8721
 6306.1333********** 6306.1318**********  -53.8742  -53.8746
 6306.1328********** 6306.1309**********  -53.8769  -53.8774
 6306.1318********** 6306.1294**********  -53.8795  -53.8803
 6305.9453********** 6305.8540**********  -54.6607  -54.8063
 6305.8589********** 6305.9849**********  -54.8492  -56.8235
 6307.0659********** 6307.3398**********  -52.6571  -59.2593
 6309.0288********** 6310.2734**********  -50.4812  -61.1368
 6311.2915********** 6314.3662**********  -47.8785  -61.1403
 6313.7539********** 6318.5005**********  -44.8770  -59.0794
 6316.3374********** 6321.9966**********  -41.5281  -55.4389
 6318.9565********** 6324.7539**********  -37.8760  -50.8263
 6321.5791********** 6327.0195**********  -34.0088  -45.7118
 6324.1416********** 6329.0298**********  -29.9908  -40.3727
 6326.5718-9466.6123 6330.8125**********  -25.8821  -34.9416
 6328.8354-7961.3047 6332.4136**********  -21.7665  -29.5519
 6330.8950-6483.6626 6333.8384-8891.9521  -17.7266  -24.3108
 6332.7407-5068.0527 6335.1084-7067.6113  -13.8562  -19.3231
 6334.3628-3747.9500 6336.2490-5371.2378  -10.2470  -14.6855
 6335.7466-2552.0811 6337.2280-3858.4707   -6.9774  -10.5495
 6336.9077-1532.1908 6338.0400-2568.8396   -4.1891   -7.0234
 6337.8369 -696.5775 6338.6768-1537.1821   -1.9045   -4.2027
 6338.6392   22.5378 6339.1333 -781.4560    0.0616   -2.1365
 6339.0791  176.1344 6339.4448 -227.1275    0.4815   -0.6209
 6339.2554  167.1319 6339.4824 -168.6163    0.4569   -0.4609
 6339.4087  135.5219 6339.5146 -119.8450    0.3705   -0.3276
 6339.4902   89.4803 6339.5420  -81.7062    0.2447   -0.2233
 6339.5449   46.8576 6339.5620  -53.8758    0.1281   -0.1473
 6339.5767   18.0629 6339.5747  -36.5784    0.0494   -0.1000
 6339.5879    8.0458 6339.5786  -30.6570    0.0220   -0.0838
*SECTION      1
-SECTION-     3   33
>----RAD------XOFF------YOFF------ROTD----CONEANGLE----                                   
    0.0000    0.0000    0.0000    0.0000    0.0000
>----X1--------Y1--------X2--------Y2--------R1-------- R2----                            
 6306.1655********** 6306.1655**********  -47.0449  -47.0449
 6306.1665********** 6306.1646**********  -47.0432  -47.0471
 6306.1694********** 6306.1616**********  -47.0381  -47.0536
 6306.1733********** 6306.1562**********  -47.0303  -47.0636
 6306.1782********** 6306.1504**********  -47.0204  -47.0763
 6306.1841********** 6306.1431**********  -47.0095  -47.0904
 6306.1899********** 6306.1367**********  -46.9986  -47.1046
 6306.6216********** 6305.8623**********  -46.3664  -48.0367
 6307.6597********** 6306.0703**********  -45.3617  -49.8519
 6309.1450********** 6307.2124**********  -43.9499  -52.1795
 6310.9497********** 6309.7617**********  -42.1100  -54.1841
 6312.9639********** 6313.5488**********  -39.8454  -54.5499
 6315.1763********** 6317.5479**********  -37.2520  -52.9437
 6317.5503********** 6321.0513**********  -34.3978  -49.8020
 6319.9985********** 6323.9067**********  -31.3107  -45.6884
 6322.4360-9128.4834 6326.2930**********  -28.0225  -41.0606
 6324.8281-8015.2217 6328.3687**********  -24.6051  -36.1775
 6327.1499-6885.4434 6330.2378**********  -21.1369  -31.2087
 6329.3384-5755.8359 6331.9219-8558.1816  -17.6692  -26.2719
 6331.3521-4647.8159 6333.4365-6995.4878  -14.2678  -21.4747
 6333.1572-3584.4878 6334.7993-5513.6221  -11.0036  -16.9257
 6334.7461-2593.7542 6336.0474-4147.7173   -7.9623  -12.7327
 6336.1143-1702.7910 6337.1597-2930.3984   -5.2272   -8.9959
 6337.2534 -937.8776 6338.0654-1891.7136   -2.8791   -5.8072
 6338.1470 -319.7903 6338.7510-1058.1377   -0.9817   -3.2482
 6338.7910  113.8607 6339.2529 -463.8597    0.3495   -1.4239
 6340.1719  -47.6927 6339.5015 -136.0870   -0.1464   -0.4177
 6340.6558 -157.3632 6339.5283  -98.4094   -0.4831   -0.3021
 6340.6406 -169.3403 6339.5508  -66.5178   -0.5198   -0.2042
 6340.3262 -121.3601 6339.5635  -47.0473   -0.3724   -0.1444
 6339.9517  -58.8389 6339.5708  -35.4651   -0.1805   -0.1089
 6339.6821  -12.9410 6339.5747  -28.9370   -0.0397   -0.0888
 6339.5874    3.2601 6339.5757  -26.7480    0.0100   -0.0821
*SECTION      1
-SECTION-     4   33
>----RAD------XOFF------YOFF------ROTD----CONEANGLE----                                   
    0.0000    0.0000    0.0000    0.0000    0.0000
>----X1--------Y1--------X2--------Y2--------R1-------- R2----                            
 6305.8306********** 6305.8306**********  -46.5806  -46.5806
 6305.8306********** 6305.8306**********  -46.5815  -46.5799
 6305.8306********** 6305.8306**********  -46.5839  -46.5778
 6305.8306********** 6305.8306**********  -46.5878  -46.5746
 6305.8311********** 6305.8306**********  -46.5927  -46.5706
 6305.8311********** 6305.8306**********  -46.5981  -46.5662
 6305.8311********** 6305.8311**********  -46.6035  -46.5617
 6305.9497********** 6305.9497**********  -47.5374  -45.7972
 6306.5020********** 6306.6318**********  -49.2301  -44.5095
 6307.9878********** 6308.1631**********  -51.2655  -43.0935
 6310.7783********** 6310.0894**********  -52.7414  -41.3073
 6314.4966********** 6312.2461**********  -52.5768  -39.0928
 6318.2769********** 6314.5527**********  -50.7330  -36.4902
 6321.5874********** 6317.0537**********  -47.5502  -33.6431
 6324.3438********** 6319.6519-9605.9971  -43.5161  -30.5704
 6326.7163********** 6322.2344-8572.7354  -39.0223  -27.2820
 6328.8149********** 6324.7759-7497.0850  -34.2854  -23.8589
 6330.7168-9257.1807 6327.2402-6402.4443  -29.4603  -20.3753
 6332.4395-7748.5938 6329.5669-5305.4707  -24.6593  -16.8842
 6334.0801-6273.4595 6331.7148-4227.7725  -19.9643  -13.4545
 6335.5703-4874.0981 6333.6479-3191.6846  -15.5107  -10.1573
 6336.8853-3586.8623 6335.3550-2223.6736  -11.4142   -7.0766
 6338.0063-2444.6145 6336.8257-1352.3567   -7.7794   -4.3037
 6338.9229-1476.3096 6338.0586 -596.4650   -4.6981   -1.8982
 6339.6426 -688.7985 6339.0283   18.0704   -2.1921    0.0575
 6340.1479 -138.0608 6339.6709  445.1412   -0.4393    1.4167
 6340.4121  143.7356 6340.3999  491.5205    0.4574    1.5642
 6340.4678  217.0010 6340.4780  471.0087    0.6906    1.4990
 6340.4951  253.7937 6340.5547  441.7665    0.8077    1.4059
 6340.5205  287.6029 6340.5840  413.7472    0.9153    1.3167
 6340.5410  314.6924 6340.5840  392.9532    1.0015    1.2505
 6340.5542  332.1452 6340.5791  379.9414    1.0570    1.2091
 6340.5586  338.1636 6340.5767  375.4804    1.0762    1.1949
*SECTION      1
-SECTION-     5   33
>----RAD------XOFF------YOFF------ROTD----CONEANGLE----                                   
    0.0000    0.0000    0.0000    0.0000    0.0000
>----X1--------Y1--------X2--------Y2--------R1-------- R2----                            
 6306.2998********** 6306.2998**********  -54.1115  -54.1115
 6306.2998********** 6306.2993**********  -54.1121  -54.1117
 6306.2993********** 6306.2993**********  -54.1137  -54.1124
 6306.2988********** 6306.2979**********  -54.1164  -54.1136
 6306.2979********** 6306.2964**********  -54.1199  -54.1152
 6306.2969********** 6306.2949**********  -54.1241  -54.1172
 6306.2954********** 6306.2935**********  -54.1285  -54.1193
 6305.9707********** 6305.9263**********  -55.1524  -54.9450
 6305.9355********** 6305.8257**********  -57.0921  -55.6965
 6307.2271********** 6306.8784**********  -59.5716  -53.3578
 6310.0903********** 6308.8457**********  -61.5665  -51.1656
 6314.1973********** 6311.1240**********  -61.6633  -48.5537
 6318.3765********** 6313.5884**********  -59.6475  -45.5299
 6321.9185********** 6316.1646**********  -56.0182  -42.1492
 6324.6846********** 6318.7959**********  -51.3814  -38.4808
 6326.9390********** 6321.4194**********  -46.2333  -34.5881
 6328.9541********** 6323.9707**********  -40.8671  -30.5362
 6330.7300********** 6326.3901-9734.0195  -35.4084  -26.3963
 6332.2817********** 6328.6440-8205.5850  -29.9736  -22.2515
 6333.7026-9107.1377 6330.6987-6706.4233  -24.6966  -18.1861
 6334.9746-7260.0449 6332.5396-5270.7153  -19.6878  -14.2928
 6336.0889-5552.7119 6334.1567-3932.2886  -15.0579  -10.6634
 6337.0454-4025.1880 6335.5391-2724.4468  -10.9155   -7.3880
 6337.8408-2715.9373 6336.6934-1684.7994   -7.3650   -4.5688
 6338.4854-1637.3542 6337.6274 -817.0697   -4.4400   -2.2157
 6338.9141 -892.3795 6338.2476 -231.5986   -2.4199   -0.6280
 6339.1860 -446.6879 6339.1841  165.3725   -1.2113    0.4486
 6339.2310 -368.2232 6339.3105  136.8502   -0.9986    0.3714
 6339.2720 -283.1509 6339.1738    3.4899   -0.7679    0.0095
 6339.3008 -217.0665 6339.2554  -43.8742   -0.5887   -0.1191
 6339.3198 -169.0434 6339.3018  -88.3530   -0.4584   -0.2397
 6339.3315 -139.2534 6339.3271 -118.5437   -0.3776   -0.3215
 6339.3354 -129.0581 6339.3354 -129.0581   -0.3500   -0.3500
 AIRFOIL # =           1
*SECTION      1
-SECTION-     1   33
>----RAD------XOFF------YOFF------ROTD----CONEANGLE----                                   
    0.0000    0.0000    0.0000    0.0000    0.0000
>----X1--------Y1--------X2--------Y2--------R1-------- R2----                            
 6350.9658  377.1123 6350.9658  377.1123    1.1662    1.1662
 6351.0605  105.5300 6351.1768  721.9781    0.3263    2.2327
 6352.9395 -317.1370 6352.6973 1615.3906   -0.9807    4.9955
 6356.7710 -367.0288 6356.4590 2625.9568   -1.1350    8.1207
 6361.4932 -690.5522 6362.4927 2869.1741   -2.1355    8.8728
 6366.4092-1372.1888 6368.2075 1682.4584   -4.2434    5.2029
 6367.1836-1518.9667 6368.9644 1400.6378   -4.6973    4.3314
 6368.0127-1689.4235 6369.7378 1077.7094   -5.2244    3.3328
 6368.8760-1884.9064 6370.5132  718.2325   -5.8290    2.2211
 6369.7554-2105.6140 6371.2793  327.3141   -6.5115    1.0122
 6370.6333-2350.4014 6372.0312  -88.9869   -7.2685   -0.2752
 6371.5005-2615.5525 6372.7632 -525.2641   -8.0885   -1.6243
 6372.3452-2897.7039 6373.4766 -974.3126   -8.9610   -3.0129
 6373.1519-3194.8374 6374.1641-1431.6304   -9.8799   -4.4271
 6373.9185-3501.3855 6374.8237-1891.5742  -10.8279   -5.8495
 6374.6455-3810.6157 6375.4536-2348.3452  -11.7842   -7.2622
 6375.3330-4117.6523 6376.0586-2794.8057  -12.7337   -8.6429
 6375.9805-4417.2188 6376.6313-3226.5728  -13.6601   -9.9781
 6376.5903-4703.7559 6377.1675-3638.5781  -14.5462  -11.2522
 6377.1606-4972.2173 6377.6646-4025.5146  -15.3765  -12.4488
 6377.6821-5220.0742 6378.1177-4382.1362  -16.1430  -13.5516
 6378.1494-5443.5728 6378.5239-4703.1719  -16.8341  -14.5444
 6378.5635-5637.4521 6378.8770-4983.8584  -17.4335  -15.4124
 6378.9355-5793.7031 6379.1689-5219.3696  -17.9168  -16.1407
 6379.3984-5804.8784 6379.3979-5404.4941  -17.9514  -16.7132
 6379.6348-5730.2441 6379.5576-5534.1934  -17.7205  -17.1142
 6379.6855-5674.8433 6379.6426-5603.5210  -17.5492  -17.3286
 6379.6875-5671.4814 6379.6479-5607.5732  -17.5388  -17.3412
 6379.6895-5668.1152 6379.6528-5611.6230  -17.5284  -17.3537
 6379.6914-5665.0757 6379.6572-5615.2769  -17.5190  -17.3650
 6379.6929-5662.6616 6379.6606-5618.1768  -17.5115  -17.3740
 6379.6934-5661.1123 6379.6631-5620.0381  -17.5068  -17.3797
 6379.6938-5660.5781 6379.6641-5620.6787  -17.5051  -17.3817
*SECTION      1
-SECTION-     2   33
>----RAD------XOFF------YOFF------ROTD----CONEANGLE----                                   
    0.0000    0.0000    0.0000    0.0000    0.0000
>----X1--------Y1--------X2--------Y2--------R1-------- R2----                            
 6351.0283  555.8585 6351.0283  555.8585    1.6126    1.6126
 6351.0288  555.5452 6351.0269  556.2825    1.6117    1.6138
 6351.0312  554.6362 6351.0244  557.5198    1.6091    1.6174
 6351.0347  553.2260 6351.0195  559.4517    1.6050    1.6230
 6351.0396  551.4564 6351.0142  561.9012    1.5998    1.6301
 6351.0444  549.5057 6351.0078  564.6334    1.5942    1.6380
 6351.0493  547.5663 6351.0020  567.3846    1.5885    1.6460
 6351.4365  444.5427 6350.7012  765.2959    1.2896    2.2201
 6352.3203  360.9372 6350.6499 1183.8457    1.0471    3.4344
 6353.6318  372.9626 6351.2217 1747.6398    1.0820    5.0700
 6355.2808  405.8457 6352.4375 2371.7183    1.1773    6.8805
 6357.2153  353.5106 6354.3979 2943.0293    1.0256    8.5379
 6359.3340  170.3253 6357.0635 3321.0852    0.4941    9.6346
 6361.5283 -145.8360 6360.1968 3353.6321   -0.4231    9.7290
 6363.7061 -587.5322 6363.3335 2966.0903   -1.7045    8.6047
 6365.7939-1136.6664 6366.1055 2246.2473   -3.2975    6.5165
 6367.7480-1767.8829 6368.4326 1324.3929   -5.1287    3.8421
 6369.5566-2450.1509 6370.4023  305.7207   -7.1080    0.8869
 6371.2065-3159.1272 6372.1123 -744.4127   -9.1647   -2.1595
 6372.7104-3866.4961 6373.6025-1786.0010  -11.2168   -5.1812
 6374.0767-4548.3340 6374.8975-2789.5317  -13.1949   -8.0925
 6375.3081-5183.2983 6376.0176-3724.3870  -15.0370  -10.8046
 6376.3999-5752.0010 6376.9790-4564.8887  -16.6869  -13.2429
 6377.3340-6239.2188 6377.7856-5287.0015  -18.1003  -15.3378
 6378.0898-6629.5513 6378.4292-5867.9658  -19.2326  -17.0233
 6378.7275-6877.0156 6378.8940-6286.4541  -19.9506  -18.2373
 6379.2290-6820.4580 6379.1685-6520.8013  -19.7864  -18.9172
 6379.2715-6798.1348 6379.2017-6553.8750  -19.7217  -19.0132
 6379.3018-6773.8560 6379.2329-6587.1343  -19.6513  -19.1096
 6379.3188-6750.8911 6379.2598-6617.3564  -19.5847  -19.1973
 6379.3296-6732.1865 6379.2803-6641.4160  -19.5304  -19.2670
 6379.3359-6720.0659 6379.2930-6656.8740  -19.4952  -19.3119
 6379.3379-6715.8813 6379.2979-6662.2002  -19.4831  -19.3273
*SECTION      1
-SECTION-     3   33
>----RAD------XOFF------YOFF------ROTD----CONEANGLE----                                   
    0.0000    0.0000    0.0000    0.0000    0.0000
>----X1--------Y1--------X2--------Y2--------R1-------- R2----                            
 6350.8599 1590.8899 6350.8599 1590.8899    4.3465    4.3465
 6350.8604 1590.7603 6350.8599 1590.9442    4.3461    4.3466
 6350.8613 1590.3855 6350.8594 1591.1074    4.3451    4.3471
 6350.8623 1589.8009 6350.8594 1591.3575    4.3435    4.3478
 6350.8638 1589.0668 6350.8584 1591.6770    4.3415    4.3486
 6350.8652 1588.2568 6350.8574 1592.0254    4.3393    4.3496
 6350.8672 1587.4481 6350.8574 1592.3778    4.3371    4.3506
 6352.1919 1337.0094 6350.6279 1810.4431    3.6529    4.9464
 6355.0630 1200.9047 6350.8086 2245.0767    3.2810    6.1338
 6358.9170  685.2633 6351.6201 2795.3040    1.8723    7.6372
 6363.2246 -357.9150 6353.1509 3347.2595   -0.9779    9.1451
 6367.5029-1945.8367 6355.4341 3740.4705   -5.3163   10.2194
 6371.7461-3916.5918 6358.2666 3796.7466  -10.7006   10.3732
 6376.0625-6146.1465 6361.2090 3447.1965  -16.7921    9.4182
 6380.7593-7390.1099 6363.9136 2761.0532  -20.1913    7.5436
 6377.0356-5071.2026 6366.2832 1857.1848  -13.8559    5.0741
 6366.2793-1232.9185 6368.3901  839.9796   -3.3687    2.2949
 6355.1646 1900.8871 6370.2681 -236.2972    5.1937   -0.6456
 6350.3911 2156.8440 6371.9575-1327.0580    5.8929   -3.6257
 6353.4658 -382.2964 6373.4678-2400.6033   -1.0445   -6.5588
 6357.5044-2679.8152 6374.8101-3426.7498   -7.3216   -9.3624
 6361.9761-4581.1304 6375.9893-4379.0098  -12.5163  -11.9641
 6366.6421-6013.7437 6377.0063-5230.2222  -16.4304  -14.2897
 6371.1748-6927.3701 6377.8564-5956.1123  -18.9265  -16.2729
 6375.1162-7354.8423 6378.5249-6533.8369  -20.0944  -17.8513
 6378.0034-7452.6187 6378.9937-6940.9746  -20.3616  -18.9637
 6379.3130-7280.9941 6379.2407-7155.7207  -19.8926  -19.5504
 6379.3149-7278.7549 6379.2417-7156.6113  -19.8865  -19.5528
 6379.3174-7276.5156 6379.2427-7157.5024  -19.8804  -19.5553
 6379.3193-7274.4946 6379.2437-7158.3032  -19.8749  -19.5574
 6379.3208-7272.8916 6379.2441-7158.9414  -19.8705  -19.5592
 6379.3218-7271.8613 6379.2451-7159.3496  -19.8677  -19.5603
 6379.3223-7271.5063 6379.2451-7159.4922  -19.8667  -19.5607
*SECTION      1
-SECTION-     4   33
>----RAD------XOFF------YOFF------ROTD----CONEANGLE----                                   
    0.0000    0.0000    0.0000    0.0000    0.0000
>----X1--------Y1--------X2--------Y2--------R1-------- R2----                            
 6350.9658  376.5198 6350.9658  376.5198    1.1662    1.1662
 6350.9658  375.9256 6350.9663  377.2803    1.1644    1.1686
 6350.9648  374.1991 6350.9668  379.4898    1.1590    1.1754
 6350.9644  371.5101 6350.9683  382.9289    1.1507    1.1860
 6350.9639  368.1200 6350.9702  387.2645    1.1402    1.1995
 6350.9629  364.3604 6350.9722  392.0678    1.1285    1.2144
 6350.9624  360.5981 6350.9736  396.8715    1.1169    1.2292
 6350.9927  202.3969 6351.0620  598.3993    0.6269    1.8535
 6351.3208  -72.8444 6351.4683  957.4042   -0.2256    2.9654
 6352.4009 -295.0515 6352.2910 1429.0898   -0.9139    4.4264
 6354.0371 -321.3879 6353.6289 1954.0015   -0.9954    6.0521
 6355.9629 -341.9783 6355.5454 2459.3655   -1.0592    7.6174
 6358.1128 -428.6855 6358.0752 2830.0300   -1.3278    8.7655
 6360.4175 -589.9191 6361.0723 2938.4485   -1.8272    9.1014
 6362.8022 -833.5597 6364.1655 2673.5076   -2.5818    8.2807
 6365.1895-1163.3508 6366.9429 2080.6541   -3.6032    6.4445
 6367.4985-1579.3412 6369.2612 1279.0232   -4.8917    3.9616
 6369.6504-2074.7959 6371.1880  375.0028   -6.4263    1.1615
 6371.5771-2635.9648 6372.8276 -563.6425   -8.1644   -1.7457
 6373.2607-3231.9749 6374.2568-1492.7959  -10.0105   -4.6235
 6374.7075-3831.8486 6375.5068-2384.0591  -11.8685   -7.3842
 6375.9609-4401.1143 6376.6133-3207.7944  -13.6317   -9.9356
 6377.0508-4912.6094 6377.5679-3944.0205  -15.2161  -12.2159
 6377.9697-5348.9795 6378.3667-4571.6450  -16.5676  -14.1599
 6378.7100-5693.3667 6378.9951-5070.9067  -17.6342  -15.7063
 6379.4624-5785.3813 6379.4316-5423.1973  -17.9192  -16.7974
 6379.6929-5654.0444 6379.6606-5609.0254  -17.5124  -17.3730
 6379.6929-5653.4878 6379.6611-5609.6943  -17.5107  -17.3750
 6379.6934-5652.9307 6379.6621-5610.3589  -17.5090  -17.3771
 6379.6934-5652.4287 6379.6626-5610.9619  -17.5074  -17.3789
 6379.6938-5652.0298 6379.6636-5611.4375  -17.5062  -17.3804
 6379.6938-5651.7734 6379.6641-5611.7446  -17.5054  -17.3814
 6379.6938-5651.6855 6379.6641-5611.8506  -17.5051  -17.3817
*SECTION      1
-SECTION-     5   33
>----RAD------XOFF------YOFF------ROTD----CONEANGLE----                                   
    0.0000    0.0000    0.0000    0.0000    0.0000
>----X1--------Y1--------X2--------Y2--------R1-------- R2----                            
 6350.8599 1591.9940 6350.8599 1591.9940    4.3465    4.3465
 6350.8599 1592.0483 6350.8604 1591.8711    4.3466    4.3462
 6350.8594 1592.1970 6350.8613 1591.5206    4.3471    4.3452
 6350.8594 1592.4366 6350.8623 1590.9707    4.3477    4.3437
 6350.8584 1592.7343 6350.8633 1590.2814    4.3485    4.3418
 6350.8579 1593.0647 6350.8652 1589.5162    4.3494    4.3397
 6350.8574 1593.3955 6350.8667 1588.7521    4.3503    4.3376
 6350.6279 1811.5656 6352.1914 1337.9932    4.9460    3.6530
 6350.8086 2246.4922 6355.0625 1201.8090    6.1334    3.2812
 6351.6201 2797.1040 6358.9160  685.9258    7.6368    1.8728
 6353.1504 3349.4729 6363.2241 -357.8704    9.1448   -0.9771
 6355.4336 3743.0144 6367.5020-1946.8088   10.2193   -5.3153
 6358.2661 3799.4119 6371.7451-3918.8787   10.3733  -10.6994
 6361.2080 3449.6960 6376.0615-6149.9512    9.4185  -16.7909
 6363.9126 2763.1335 6380.7588-7395.4082    7.5441  -20.1917
 6366.2827 1858.6670 6377.0371-5075.3975    5.0747  -13.8578
 6368.3896  840.7805 6366.2817-1234.5514    2.2955   -3.3708
 6370.2676 -236.2371 6355.1660 1901.7880   -0.6450    5.1925
 6371.9570-1327.7484 6350.3911 2158.7205   -3.6250    5.8939
 6373.4673-2402.0391 6353.4653 -382.0204   -6.5582   -1.0430
 6374.8096-3428.8984 6357.5039-2681.1907   -9.3618   -7.3203
 6375.9888-4381.8296 6361.9746-4583.9028  -11.9635  -12.5152
 6377.0063-5233.6396 6366.6406-6017.6045  -14.2891  -16.4295
 6377.8564-5960.0503 6371.1738-6931.9824  -16.2724  -18.9260
 6378.5249-6538.1963 6375.1152-7359.8647  -17.8509  -20.0942
 6378.9937-6945.6372 6378.0024-7457.7153  -18.9633  -20.3614
 6379.2402-7160.5605 6379.3130-7286.3652  -19.5500  -19.8935
 6379.2417-7161.4805 6379.3149-7284.0498  -19.5526  -19.8872
 6379.2427-7162.3999 6379.3169-7281.7339  -19.5551  -19.8808
 6379.2437-7163.2310 6379.3188-7279.6431  -19.5573  -19.8751
 6379.2441-7163.8931 6379.3208-7277.9858  -19.5591  -19.8706
 6379.2451-7164.3145 6379.3218-7276.9199  -19.5603  -19.8677
 6379.2451-7164.4609 6379.3223-7276.5532  -19.5607  -19.8667
 AIRFOIL # =           1
*SECTION      1
-SECTION-     1   33
>----RAD------XOFF------YOFF------ROTD----CONEANGLE----                                   
    0.0000    0.0000    0.0000    0.0000    0.0000
>----X1--------Y1--------X2--------Y2--------R1-------- R2----                            
 6450.4775   99.1014 6450.4775   99.1014    0.3175    0.3175
 6450.4868  101.2377 6450.4673   96.4734    0.3243    0.3091
 6450.5151  107.1807 6450.4390   88.5130    0.3434    0.2836
 6450.5610  115.6712 6450.3979   75.1400    0.3706    0.2407
 6450.6230  125.0515 6450.3501   56.6800    0.4006    0.1816
 6450.6958  133.7339 6450.3027   34.2378    0.4284    0.1097
 6450.7734  140.6188 6450.2603    9.8594    0.4505    0.0316
 6452.1558  252.2031 6449.3765 -516.3259    0.8078   -1.6542
 6453.6963  214.2706 6447.6387-1464.4490    0.6860   -4.6911
 6453.9058 -337.5219 6445.0923-2783.6641   -1.0802   -8.9173
 6451.4277-1694.8677 6441.7227-4404.4106   -5.4224  -14.1092
 6445.5347-3946.5789 6437.4058-6227.8789  -12.6253  -19.9505
 6436.4434-6890.3677 6431.9136-8109.6660  -22.0461  -25.9787
 6425.4399********** 6424.8735-9787.9082  -32.0236  -31.3548
 6414.7988********** 6416.2046**********  -39.9838  -34.9436
 6407.5234********** 6406.9707**********  -42.7239  -37.7840
 6406.9546********** 6411.1206**********  -37.1904  -45.6283
 6410.7021-9109.9053 6420.5200**********  -29.1829  -48.2600
 6415.3018-6813.6816 6429.4292**********  -21.8271  -44.6773
 6420.5278-4779.9712 6435.6250**********  -15.3123  -37.6693
 6426.1582-3064.5920 6440.0078-9361.3584   -9.8172  -29.9884
 6431.9463-1715.9803 6443.3545-7051.3384   -5.4970  -22.5884
 6437.5894 -761.7412 6445.9331-4946.2949   -2.4402  -15.8451
 6442.7241 -187.7306 6447.9409-3136.0215   -0.6014  -10.0457
 6446.9717   77.0178 6449.4907-1694.1644    0.2467   -5.4270
 6450.0142  154.5342 6450.5996 -681.4502    0.4951   -2.1830
 6451.3184  -18.1626 6451.1943 -149.5503   -0.0581   -0.4791
 6451.3184  -18.5062 6451.1948 -149.1934   -0.0592   -0.4780
 6451.3188  -18.8498 6451.1953 -148.8293   -0.0603   -0.4768
 6451.3193  -19.1598 6451.1958 -148.5080   -0.0613   -0.4758
 6451.3193  -19.4057 6451.1958 -148.2510   -0.0621   -0.4749
 6451.3198  -19.5637 6451.1963 -148.0797   -0.0626   -0.4744
 6451.3198  -19.6181 6451.1963 -148.0226   -0.0628   -0.4742
*SECTION      1
-SECTION-     2   33
>----RAD------XOFF------YOFF------ROTD----CONEANGLE----                                   
    0.0000    0.0000    0.0000    0.0000    0.0000
>----X1--------Y1--------X2--------Y2--------R1-------- R2----                            
 6403.7891********** 6403.7891**********  -40.0026  -40.0026
 6404.6631********** 6403.9053**********  -38.7566  -41.8904
 6408.9067********** 6407.2285**********  -37.4540  -46.2882
 6415.6846********** 6414.9697**********  -35.8153  -49.8974
 6423.6489********** 6425.4521**********  -32.1356  -47.6876
 6431.2783-9038.2598 6434.1787**********  -26.0973  -39.4133
 6432.4795-8620.9346 6435.4160**********  -24.8923  -37.7008
 6433.7559-8151.2231 6436.6899**********  -23.5360  -35.7713
 6435.0845-7633.7295 6437.9756**********  -22.0418  -33.6465
 6436.4434-7073.3691 6439.2539**********  -20.4239  -31.3569
 6437.8145-6477.0474 6440.5059**********  -18.7020  -28.9267
 6439.1802-5851.1709 6441.7192-9139.4932  -16.8949  -26.3896
 6440.5283-5202.8906 6442.8848-8233.9443  -15.0230  -23.7749
 6441.8521-4541.8843 6443.9966-7312.0474  -13.1144  -21.1130
 6443.1382-3875.3381 6445.0586-6387.0229  -11.1898  -18.4422
 6444.3750-3210.8335 6446.0679-5469.5845   -9.2711  -15.7932
 6445.5522-2556.5986 6447.0205-4570.5078   -7.3821  -13.1972
 6446.6621-1920.9990 6447.9155-3701.0198   -5.5468  -10.6866
 6447.6968-1312.4542 6448.7515-2872.2417   -3.7896   -8.2936
 6448.6602 -730.4182 6449.5244-2095.0789   -2.1090   -6.0495
 6449.5273 -196.8936 6450.2314-1380.1644   -0.5685   -3.9852
 6450.2886  278.6166 6450.8667 -737.8104    0.8045   -2.1304
 6450.9385  689.0637 6451.4219 -178.0308    1.9896   -0.5141
 6451.4717 1044.2401 6451.8882  289.4306    3.0151    0.8357
 6452.0137 1292.2957 6452.2578  655.7049    3.7314    1.8933
 6452.5996 1254.7791 6452.5156  910.9900    3.6231    2.6304
 6452.7119 1149.0625 6452.6514 1045.2234    3.3178    3.0180
 6452.7134 1146.1208 6452.6548 1048.5845    3.3093    3.0277
 6452.7144 1143.1768 6452.6582 1051.9457    3.3008    3.0374
 6452.7158 1140.5194 6452.6611 1054.9795    3.2932    3.0461
 6452.7168 1138.4099 6452.6636 1057.3859    3.2871    3.0531
 6452.7173 1137.0552 6452.6655 1058.9324    3.2831    3.0576
 6452.7178 1136.5885 6452.6655 1059.4648    3.2818    3.0591
*SECTION      1
-SECTION-     3   33
>----RAD------XOFF------YOFF------ROTD----CONEANGLE----                                   
    0.0000    0.0000    0.0000    0.0000    0.0000
>----X1--------Y1--------X2--------Y2--------R1-------- R2----                            
 6404.8120********** 6404.8120**********  -38.4889  -38.4889
 6404.8135********** 6404.8101**********  -38.4886  -38.4900
 6404.8184********** 6404.8037**********  -38.4876  -38.4931
 6404.8257********** 6404.7944**********  -38.4863  -38.4981
 6404.8350********** 6404.7832**********  -38.4846  -38.5045
 6404.8452********** 6404.7700**********  -38.4829  -38.5118
 6404.8560********** 6404.7573**********  -38.4814  -38.5192
 6405.7627********** 6403.5698**********  -38.3910  -38.9324
 6407.4512********** 6401.5859**********  -38.0128  -40.2165
 6409.8345********** 6401.5356**********  -37.4283  -43.4147
 6412.8018********** 6404.2319**********  -36.5761  -46.7158
 6416.2251********** 6408.2974**********  -35.3668  -49.6460
 6419.9399********** 6413.6626**********  -33.6722  -51.3469
 6423.7593********** 6419.7793**********  -31.3985  -51.0373
 6427.5386********** 6425.7476**********  -28.5739  -48.4528
 6431.1528-9612.6748 6430.9434**********  -25.2638  -44.1090
 6434.5635-8224.8311 6435.3267**********  -21.6163  -38.7664
 6437.7412-6757.8594 6439.0005**********  -17.7609  -32.9067
 6440.6748-5260.6377 6442.0557**********  -13.8259  -26.8384
 6443.3706-3782.0796 6444.5928-7914.8145   -9.9400  -20.8015
 6445.8018-2359.0398 6446.7744-5716.2886   -6.2000  -15.0234
 6447.9463-1028.2893 6448.6812-3680.1562   -2.7025   -9.6721
 6449.7832  172.9970 6450.3462-1863.2932    0.4547   -4.8970
 6451.2896 1208.3035 6451.7261 -310.1223    3.1757   -0.8151
 6452.4702 2065.5581 6452.8027  931.3740    5.4285    2.4478
 6453.2720 2635.0027 6453.5537 1813.9457    6.9253    4.7674
 6454.0591 2583.1379 6453.9556 2290.8994    6.7890    6.0209
 6454.0747 2564.8491 6453.9766 2315.8447    6.7409    6.0865
 6454.0884 2545.9910 6453.9976 2340.7854    6.6913    6.1520
 6454.0996 2528.6370 6454.0166 2363.2876    6.6457    6.2111
 6454.1084 2514.7222 6454.0317 2381.1487    6.6091    6.2581
 6454.1138 2505.7554 6454.0410 2392.6145    6.5855    6.2882
 6454.1157 2502.6633 6454.0444 2396.5623    6.5774    6.2986
*SECTION      1
-SECTION-     4   33
>----RAD------XOFF------YOFF------ROTD----CONEANGLE----                                   
    0.0000    0.0000    0.0000    0.0000    0.0000
>----X1--------Y1--------X2--------Y2--------R1-------- R2----                            
 6450.4775   98.5773 6450.4775   98.5773    0.3175    0.3175
 6450.4873  100.7717 6450.4668   95.8763    0.3246    0.3088
 6450.5166  106.8664 6450.4380   87.6844    0.3442    0.2824
 6450.5640  115.5453 6450.3955   73.8938    0.3721    0.2380
 6450.6279  125.0837 6450.3467   54.8134    0.4029    0.1765
 6450.7036  133.8362 6450.2979   31.5788    0.4310    0.1017
 6450.7847  140.6830 6450.2544    6.3075    0.4531    0.0203
 6452.1646  251.3793 6449.3696 -517.5148    0.8094   -1.6668
 6453.7007  212.2456 6447.6309-1461.0120    0.6831   -4.7050
 6453.9033 -338.5374 6445.0830-2773.4583   -1.0892   -8.9318
 6451.4170-1690.6073 6441.7129-4385.6367   -5.4376  -14.1238
 6445.5171-3931.7385 6437.3945-6199.2236  -12.6448  -19.9643
 6436.4224-6860.2480 6431.9009-8070.4893  -22.0665  -25.9907
 6425.4194-9957.6943 6424.8594-9738.8027  -32.0408  -31.3634
 6414.7832********** 6416.1895**********  -39.9935  -34.9477
 6407.5171********** 6406.9609**********  -42.7224  -37.7947
 6406.9590********** 6411.1313**********  -37.1798  -45.6355
 6410.7070-9058.9473 6420.5317**********  -29.1740  -48.2592
 6415.3066-6775.4360 6429.4370**********  -21.8200  -44.6712
 6420.5322-4753.0254 6435.6294**********  -15.3069  -37.6626
 6426.1621-3047.2219 6440.0103-9310.0518   -9.8134  -29.9826
 6431.9497-1706.1779 6443.3564-7012.6465   -5.4947  -22.5839
 6437.5918 -757.3273 6445.9346-4919.1294   -2.4390  -15.8418
 6442.7261 -186.5809 6447.9414-3118.8088   -0.6009  -10.0437
 6446.9727   76.6495 6449.4912-1684.8768    0.2468   -5.4259
 6450.0142  153.7152 6450.6001 -677.7253    0.4951   -2.1826
 6451.3184  -18.0694 6451.1943 -148.7593   -0.0582   -0.4791
 6451.3184  -18.4105 6451.1948 -148.3972   -0.0592   -0.4779
 6451.3188  -18.7516 6451.1953 -148.0421   -0.0603   -0.4768
 6451.3193  -19.0593 6451.1958 -147.7225   -0.0613   -0.4758
 6451.3193  -19.3035 6451.1958 -147.4598   -0.0621   -0.4749
 6451.3198  -19.4603 6451.1963 -147.2965   -0.0626   -0.4744
 6451.3198  -19.5143 6451.1963 -147.2397   -0.0628   -0.4742
 AIRFOIL # =           1
*SECTION      1
-SECTION-     1   33
>----RAD------XOFF------YOFF------ROTD----CONEANGLE----                                   
    0.0000    0.0000    0.0000    0.0000    0.0000
>----X1--------Y1--------X2--------Y2--------R1-------- R2----                            
 6464.2085  535.7058 6464.2085  535.7058    1.7217    1.7217
 6464.2080  535.9563 6464.2090  535.5085    1.7225    1.7211
 6464.2065  536.6845 6464.2104  534.9366    1.7248    1.7192
 6464.2041  537.8224 6464.2124  534.0484    1.7285    1.7164
 6464.2017  539.2620 6464.2148  532.9311    1.7331    1.7128
 6464.1978  540.8663 6464.2178  531.6982    1.7383    1.7088
 6464.1953  542.4772 6464.2202  530.4702    1.7435    1.7049
 6464.0308  735.2431 6464.6099  421.3766    2.3630    1.3542
 6464.3408 1103.2070 6465.5830  372.9468    3.5455    1.1986
 6465.1851 1576.5518 6466.9976  383.4367    5.0668    1.2323
 6466.6890 2071.5913 6468.7769  381.2326    6.6578    1.2252
 6468.8696 2498.1768 6470.8633  333.9275    8.0289    1.0732
 6471.6304 2770.4497 6473.1782  201.7000    8.9039    0.6482
 6474.7798 2807.3054 6475.6299  -29.3621    9.0224   -0.0944
 6478.0337 2563.8223 6478.1343 -359.9134    8.2398   -1.1567
 6481.1265 2068.3203 6480.6162 -779.3925    6.6473   -2.5049
 6483.9272 1391.3080 6483.0171-1273.3116    4.4715   -4.0922
 6486.4146  603.3554 6485.2993-1819.1108    1.9391   -5.8465
 6488.6040 -240.4644 6487.4409-2393.5723   -0.7725   -7.6927
 6490.5225-1098.5017 6489.4253-2974.2637   -3.5306   -9.5589
 6492.2085-1933.1620 6491.2388-3539.9910   -6.2131  -11.3771
 6493.6729-2716.2366 6492.8604-4073.8606   -8.7296  -13.0929
 6494.9194-3422.9922 6494.2710-4558.0718  -11.0011  -14.6491
 6495.9438-4030.8008 6495.4556-4974.9980  -12.9545  -15.9891
 6496.7466-4516.9663 6496.4155-5299.9219  -14.5170  -17.0334
 6497.3115-4861.4819 6497.3481-5256.2417  -15.6243  -16.8929
 6497.5640-5051.7324 6497.5737-5107.7178  -16.2356  -16.4156
 6497.5664-5058.9922 6497.5742-5101.8076  -16.2590  -16.3966
 6497.5688-5066.2739 6497.5742-5095.8833  -16.2824  -16.3775
 6497.5708-5072.8599 6497.5737-5090.5312  -16.3036  -16.3604
 6497.5723-5078.0928 6497.5737-5086.2808  -16.3204  -16.3467
 6497.5732-5081.4526 6497.5732-5083.5508  -16.3312  -16.3379
 6497.5732-5082.6104 6497.5732-5082.6104  -16.3349  -16.3349
*SECTION      1
-SECTION-     2   33
>----RAD------XOFF------YOFF------ROTD----CONEANGLE----                                   
    0.0000    0.0000    0.0000    0.0000    0.0000
>----X1--------Y1--------X2--------Y2--------R1-------- R2----                            
 6465.4072 2012.2935 6465.4072 2012.2935    5.8146    5.8146
 6465.4067 2012.5452 6465.4077 2012.0868    5.8153    5.8140
 6465.4058 2013.2772 6465.4087 2011.4894    5.8174    5.8123
 6465.4043 2014.4187 6465.4102 2010.5608    5.8207    5.8096
 6465.4023 2015.8639 6465.4121 2009.3936    5.8249    5.8062
 6465.3999 2017.4731 6465.4146 2008.1061    5.8296    5.8025
 6465.3975 2019.0908 6465.4170 2006.8224    5.8342    5.7988
 6465.3140 2219.3647 6465.7573 1881.2836    6.4130    5.4360
 6465.7490 2567.6394 6466.6025 1733.9724    7.4193    5.0104
 6466.9395 2924.0330 6467.8525 1561.1339    8.4491    4.5110
 6468.7363 3216.9558 6469.4189 1336.8888    9.2956    3.8630
 6471.0303 3371.2249 6471.2236 1042.4872    9.7413    3.0123
 6473.6577 3319.0195 6473.2065  677.3435    9.5905    1.9572
 6476.4092 3036.8645 6475.3843  227.8255    8.7751    0.6584
 6479.0981 2538.4421 6477.4609 -256.2969    7.3349   -0.7406
 6481.6104 1867.0717 6479.6377 -816.0624    5.3950   -2.3581
 6483.8916 1071.3307 6481.7720-1421.0758    3.0956   -4.1063
 6485.9409  200.0622 6483.8438-2054.5129    0.5781   -5.9366
 6487.7754 -705.2375 6485.8369-2695.5344   -2.0378   -7.7889
 6489.4097-1611.8427 6487.7192-3330.3223   -4.6575   -9.6231
 6490.8628-2488.4197 6489.4634-3943.5649   -7.1904  -11.3951
 6492.1450-3309.5991 6491.0410-4520.8130   -9.5632  -13.0631
 6493.2739-4048.3843 6492.4229-5047.6733  -11.6980  -14.5855
 6494.2207-4687.4473 6493.5879-5507.4790  -13.5446  -15.9141
 6494.9712-5207.0005 6494.5195-5882.5825  -15.0458  -16.9980
 6495.5161-5586.1631 6495.2017-6152.8989  -16.1415  -17.7791
 6495.8423-5805.0439 6495.7798-6147.3999  -16.7740  -17.7632
 6495.9062-5848.7485 6495.8745-6121.5698  -16.9002  -17.6885
 6495.9663-5893.1904 6495.9482-6088.4575  -17.0287  -17.5928
 6496.0117-5934.3501 6495.9912-6054.2021  -17.1476  -17.4939
 6496.0234-5968.9365 6496.0112-6025.1367  -17.2475  -17.4099
 6496.0249-5991.5967 6496.0215-6006.0420  -17.3130  -17.3547
 6496.0249-5999.4341 6496.0249-5999.4341  -17.3356  -17.3356
*SECTION      1
-SECTION-     3   33
>----RAD------XOFF------YOFF------ROTD----CONEANGLE----                                   
    0.0000    0.0000    0.0000    0.0000    0.0000
>----X1--------Y1--------X2--------Y2--------R1-------- R2----                            
 6467.1470 4042.1956 6467.1470 4042.1956   10.6094   10.6094
 6467.1470 4042.6404 6467.1470 4041.7808   10.6106   10.6083
 6467.1465 4043.9368 6467.1475 4040.5769   10.6140   10.6052
 6467.1465 4045.9568 6467.1479 4038.7021   10.6193   10.6002
 6467.1455 4048.5024 6467.1494 4036.3428   10.6260   10.5940
 6467.1450 4051.3279 6467.1499 4033.7297   10.6334   10.5872
 6467.1445 4054.1562 6467.1514 4031.1194   10.6408   10.5803
 6467.1636 4186.1328 6467.2544 3915.0203   10.9873   10.2757
 6467.4658 4405.2920 6467.5972 3720.8340   11.5625    9.7660
 6468.2681 4594.0806 6468.1914 3472.5876   12.0580    9.1144
 6469.4512 4682.4399 6468.9878 3168.9495   12.2899    8.3175
 6470.8906 4635.3936 6469.9482 2809.7244   12.1664    7.3746
 6472.4741 4451.4551 6471.0527 2399.4817   11.6836    6.2979
 6474.1323 4146.1147 6472.2456 1930.4314   10.8822    5.0667
 6475.8164 3733.8088 6473.5796 1437.8090    9.8000    3.7738
 6477.4785 3223.3015 6474.9673  895.9869    8.4601    2.3516
 6479.0957 2630.8098 6476.4253  327.3828    6.9050    0.8593
 6480.6460 1970.2753 6477.9331 -263.7087    5.1713   -0.6922
 6482.1270 1259.3796 6479.4707 -871.7676    3.3055   -2.2882
 6483.5435  515.1109 6481.0171-1491.3353    1.3520   -3.9143
 6484.8994 -247.2315 6482.5552-2116.1475   -0.6489   -5.5542
 6486.1914-1016.8337 6484.0693-2739.7439   -2.6689   -7.1910
 6487.4263-1778.4866 6485.5400-3355.9194   -4.6680   -8.8082
 6488.5928-2524.0310 6486.9487-3958.7129   -6.6248  -10.3903
 6489.6826-3243.2888 6488.2793-4541.8066   -8.5126  -11.9207
 6490.6914-3926.0952 6489.5146-5097.9404  -10.3047  -13.3804
 6491.6099-4562.5186 6490.6440-5618.7695  -11.9751  -14.7474
 6492.4355-5142.1929 6491.6553-6096.2246  -13.4965  -16.0006
 6493.2568-5722.9106 6492.6475-6579.7842  -15.0207  -17.2699
 6493.9937-6247.5117 6493.5386-7016.4849  -16.3976  -18.4160
 6494.5894-6661.6460 6494.4023-7279.4810  -17.4846  -19.1062
 6494.9590-6930.0845 6494.9741-7125.3232  -18.1892  -18.7016
 6495.0327-7030.5171 6495.0327-7030.5171  -18.4528  -18.4528
*SECTION      1
-SECTION-     4   33
>----RAD------XOFF------YOFF------ROTD----CONEANGLE----                                   
    0.0000    0.0000    0.0000    0.0000    0.0000
>----X1--------Y1--------X2--------Y2--------R1-------- R2----                            
 6464.2085  534.8312 6464.2085  534.8312    1.7217    1.7217
 6464.2080  535.0781 6464.2090  534.6365    1.7225    1.7211
 6464.2065  535.7964 6464.2100  534.0724    1.7248    1.7193
 6464.2041  536.9198 6464.2124  533.1956    1.7284    1.7164
 6464.2017  538.3400 6464.2148  532.0929    1.7330    1.7129
 6464.1982  539.9232 6464.2178  530.8756    1.7381    1.7090
 6464.1953  541.5143 6464.2202  529.6629    1.7432    1.7051
 6464.0308  733.4073 6464.6084  420.9258    2.3609    1.3550
 6464.3389 1099.8762 6465.5791  372.3328    3.5406    1.1986
 6465.1797 1571.5128 6466.9893  382.7567    5.0589    1.2321
 6466.6772 2065.1997 6468.7642  380.7271    6.6481    1.2256
 6468.8501 2491.2742 6470.8462  334.0386    8.0198    1.0753
 6471.6025 2764.3352 6473.1558  203.0447    8.8988    0.6536
 6474.7446 2803.8191 6475.6025  -26.2862    9.0259   -0.0846
 6477.9937 2564.3413 6478.1030 -354.6528    8.2550   -1.1417
 6481.0845 2073.3574 6480.5820 -771.6384    6.6744   -2.4840
 6483.8857 1400.7949 6482.9800-1262.9342    4.5094   -4.0655
 6486.3730  616.9616 6485.2598-1806.1370    1.9861   -5.8142
 6488.5635 -223.1214 6487.3999-2378.1860   -0.7179   -7.6557
 6490.4824-1077.9908 6489.3833-2956.7239   -3.4703   -9.5181
 6492.1694-1909.9679 6491.1968-3520.6152   -6.1486  -11.3334
 6493.6353-2691.0635 6492.8179-4053.0317   -8.6629  -13.0473
 6494.8833-3396.5020 6494.2300-4536.2856  -10.9338  -14.6030
 6495.9102-4003.7854 6495.4160-4952.9536  -12.8887  -15.9443
 6496.7139-4490.4873 6496.3652-5283.1001  -14.4555  -17.0070
 6497.2842-4836.0840 6497.3120-5258.6250  -15.5681  -16.9282
 6497.5566-5027.1929 6497.5723-5112.6865  -16.1832  -16.4584
 6497.5615-5038.2031 6497.5732-5103.6860  -16.2186  -16.4294
 6497.5659-5049.3027 6497.5742-5094.6392  -16.2544  -16.4003
 6497.5693-5059.3726 6497.5737-5086.4487  -16.2868  -16.3740
 6497.5713-5067.3877 6497.5737-5079.9365  -16.3126  -16.3530
 6497.5732-5072.5371 6497.5732-5075.7539  -16.3292  -16.3395
 6497.5732-5074.3120 6497.5732-5074.3120  -16.3349  -16.3349
*SECTION      1
-SECTION-     5   33
>----RAD------XOFF------YOFF------ROTD----CONEANGLE----                                   
    0.0000    0.0000    0.0000    0.0000    0.0000
>----X1--------Y1--------X2--------Y2--------R1-------- R2----                            
 6467.1470 4046.2378 6467.1470 4046.2378   10.6094   10.6094
 6467.1470 4046.6831 6467.1470 4045.8228   10.6106   10.6083
 6467.1465 4047.9807 6467.1475 4044.6169   10.6140   10.6052
 6467.1465 4050.0024 6467.1479 4042.7412   10.6193   10.6002
 6467.1455 4052.5505 6467.1494 4040.3789   10.6260   10.5940
 6467.1450 4055.3787 6467.1499 4037.7637   10.6334   10.5872
 6467.1445 4058.2104 6467.1514 4035.1494   10.6408   10.5803
 6467.1636 4190.0537 6467.2544 3919.1597   10.9866   10.2763
 6467.4639 4409.1484 6467.5962 3725.1152   11.5611    9.7675
 6468.2646 4598.1318 6468.1890 3477.0227   12.0566    9.1169
 6469.4448 4687.0220 6468.9839 3173.6494   12.2896    8.3215
 6470.8818 4640.6626 6469.9424 2814.6877   12.1680    7.3803
 6472.4639 4457.5347 6471.0454 2404.7458   11.6878    6.3054
 6474.1196 4153.0010 6472.2368 1936.3021   10.8894    5.0771
 6475.8022 3741.4197 6473.5679 1443.6019    9.8102    3.7852
 6477.4634 3231.7104 6474.9541  902.0486    8.4737    2.3652
 6479.0796 2639.8083 6476.4106  333.5931    6.9217    0.8747
 6480.6289 1979.7683 6477.9170 -257.4208    5.1911   -0.6750
 6482.1099 1269.1338 6479.4526 -865.4855    3.3277   -2.2694
 6483.5264  524.8925 6480.9980-1485.1752    1.3763   -3.8943
 6484.8828 -237.6286 6482.5361-2110.2405   -0.6231   -5.5332
 6486.1743-1007.6465 6484.0493-2734.2473   -2.6421   -7.1694
 6487.4102-1770.0239 6485.5205-3350.9966   -4.6411   -8.7865
 6488.5771-2516.5295 6486.9302-3954.5613   -6.5985  -10.3691
 6489.6685-3237.0464 6488.2617-4538.6382   -8.4877  -11.9005
 6490.6787-3921.4280 6489.4990-5096.0254  -10.2822  -13.3620
 6491.5996-4559.7788 6490.6313-5618.3936  -11.9560  -14.7317
 6492.4277-5141.7432 6491.6460-6097.6709  -13.4819  -15.9884
 6493.2515-5724.7656 6492.6406-6583.1646  -15.0106  -17.2615
 6493.9902-6251.4468 6493.5352-7021.5830  -16.3916  -18.4110
 6494.5879-6667.2485 6494.3994-7286.7871  -17.4818  -19.1063
 6494.9590-6936.7251 6494.9736-7132.7178  -18.1885  -18.7024
 6495.0327-7037.5479 6495.0327-7037.5479  -18.4528  -18.4528
 AIRFOIL # =           1
*SECTION      1
-SECTION-     1   65
>----RAD------XOFF------YOFF------ROTD----CONEANGLE----                                   
    0.0000    0.0000    0.0000    0.0000    0.0000
>----X1--------Y1--------X2--------Y2--------R1-------- R2----                            
    0.0000    0.0000 6467.1470 2845.5410    0.0000   10.6094
  Infinity  Infinity  Infinity       NaN  Infinity -Infinity
  Infinity  Infinity  Infinity       NaN  Infinity -Infinity
  Infinity  Infinity  Infinity       NaN  Infinity -Infinity
  Infinity  Infinity  Infinity       NaN  Infinity -Infinity
  Infinity  Infinity  Infinity       NaN  Infinity -Infinity
  Infinity  Infinity  Infinity       NaN  Infinity -Infinity
  Infinity  Infinity  Infinity       NaN  Infinity -Infinity
  Infinity  Infinity  Infinity       NaN  Infinity -Infinity
  Infinity  Infinity  Infinity       NaN  Infinity -Infinity
  Infinity  Infinity  Infinity       NaN  Infinity -Infinity
  Infinity  Infinity  Infinity       NaN  Infinity -Infinity
  Infinity  Infinity  Infinity       NaN  Infinity -Infinity
    0.0000    0.0000 6472.2368 1566.9923    0.0000    5.0771
    0.0000    0.0000 6473.5679 1204.0079    0.0000    3.7852
    0.0000    0.0000 6474.9541  776.8677    0.0000    2.3652
    0.0000    0.0000 6476.4106  296.8285    0.0000    0.8747
    0.0000    0.0000 6477.9170 -236.6987    0.0000   -0.6750
    0.0000    0.0000 6479.4526 -822.2684    0.0000   -2.2694
    0.0000    0.0000 6480.9980-1457.2507    0.0000   -3.8943
    0.0000    0.0000 6482.5361-2136.8230    0.0000   -5.5332
    0.0000    0.0000 6484.0493-2854.4021    0.0000   -7.1694
    0.0000    0.0000 6485.5205-3602.0879    0.0000   -8.7865
    0.0000    0.0000 6486.9302-4370.7974    0.0000  -10.3691
    0.0000    0.0000 6488.2617-5149.5391    0.0000  -11.9005
    0.0000    0.0000 6489.4990-5924.6582    0.0000  -13.3620
    0.0000    0.0000 6490.6313-6679.4219    0.0000  -14.7317
    0.0000    0.0000 6491.6460-7396.0522    0.0000  -15.9884
    0.0000    0.0000 6492.6406-8145.5986    0.0000  -17.2615
    0.0000    0.0000 6493.5352-8842.6963    0.0000  -18.4110
    0.0000    0.0000 6494.3994-9273.7363    0.0000  -19.1063
    0.0000    0.0000 6494.9736-9022.4561    0.0000  -18.7024
    0.0000    0.0000 6495.0327-8868.4141    0.0000  -18.4528
    0.0000    0.0000 6495.0327-8868.4141    0.0000  -18.4528
    0.0000    0.0000 6494.9590-8706.2363    0.0000  -18.1885
    0.0000    0.0000 6494.5879-8277.7012    0.0000  -17.4818
    0.0000    0.0000 6493.9902-7630.8677    0.0000  -16.3916
    0.0000    0.0000 6493.2515-6836.4795    0.0000  -15.0106
    0.0000    0.0000 6492.4277-5989.6221    0.0000  -13.4819
    0.0000    0.0000 6491.5996-5178.3677    0.0000  -11.9560
    0.0000    0.0000 6490.6787-4327.6479    0.0000  -10.2822
    0.0000    0.0000 6489.6685-3461.0635    0.0000   -8.4877
    0.0000    0.0000 6488.5771-2599.5813    0.0000   -6.5985
    0.0000    0.0000 6487.4102-1762.0494    0.0000   -4.6411
    0.0000    0.0000 6486.1743 -964.5080    0.0000   -2.6421
    0.0000    0.0000 6484.8828 -218.2612    0.0000   -0.6231
    0.0000    0.0000 6483.5264  462.0019    0.0000    1.3763
    0.0000    0.0000 6482.1099 1069.6180    0.0000    3.3277
    0.0000    0.0000 6480.6289 1597.8518    0.0000    5.1911
    0.0000    0.0000 6479.0796 2043.0127    0.0000    6.9217
    0.0000    0.0000 6477.4634 2404.9863    0.0000    8.4737
 6334.1836-7215.2085 6331.6519-5158.4229  -20.8684  -14.9198
 6334.8789-6359.1309 6332.5923-4519.9507  -18.3920  -13.0731
 6335.5586-5505.1211 6333.5112-3877.7031  -15.9217  -11.2155
 6336.2080-4671.8179 6334.3940-3243.1499  -13.5115   -9.3802
 6336.8164-3876.7568 6335.2295-2627.7642  -11.2120   -7.6003
 6337.3726-3135.6252 6336.1650-1914.3256   -9.0686   -5.5366
 6337.8691-2461.6150 6336.9722-1290.2050   -7.1194   -3.7315
 6338.3013-1865.0609 6337.6045 -796.0374   -5.3942   -2.3023
 6338.6860-1324.0332 6338.0532 -442.0826   -3.8295   -1.2786
 6339.0181 -850.1546 6338.3687 -190.5239   -2.4590   -0.5511
 6339.2729 -482.4399 6338.7109   95.9342   -1.3955    0.2775
 6339.4526 -220.9411 6339.2739  146.2637   -0.6391    0.4230
 6341.0728 2112.6865 6345.4097 -899.4432    6.1185   -2.5965
 6339.5864   -5.4824 6339.5874    2.4704   -0.0159    0.0071
*SECTION      1
-SECTION-     2   65
>----RAD------XOFF------YOFF------ROTD----CONEANGLE----                                   
    0.0000    0.0000    0.0000    0.0000    0.0000
>----X1--------Y1--------X2--------Y2--------R1-------- R2----                            
 6306.1348********** 6306.1348**********  -53.8685  -53.8685
 6306.1348********** 6306.1348**********  -53.8686  -53.8686
 6306.1348********** 6306.1348**********  -53.8688  -53.8688
 6306.1348********** 6306.1343**********  -53.8691  -53.8692
 6306.1343********** 6306.1343**********  -53.8696  -53.8697
 6306.1343********** 6306.1338**********  -53.8702  -53.8703
 6306.1343********** 6306.1338**********  -53.8709  -53.8711
 6306.1338********** 6306.1333**********  -53.8717  -53.8719
 6306.1338********** 6306.1328**********  -53.8726  -53.8729
 6306.1338********** 6306.1323**********  -53.8736  -53.8739
 6306.1333********** 6306.1318**********  -53.8747  -53.8751
 6306.1333********** 6306.1313**********  -53.8757  -53.8762
 6306.1328********** 6306.1309**********  -53.8769  -53.8774
 6306.1323********** 6306.1299**********  -53.8780  -53.8786
 6306.0918********** 6306.0562**********  -54.0485  -54.0707
 6305.9741********** 6305.8877**********  -54.5381  -54.6561
 6305.7861********** 6305.7681**********  -55.3413  -55.6260
 6305.8423********** 6305.9585**********  -54.9246  -56.7385
 6306.2632********** 6306.4800**********  -53.6447  -58.0145
 6307.1216********** 6307.4048**********  -52.5978  -59.3327
 6308.1343********** 6308.8042**********  -51.4764  -60.4880
 6309.2515********** 6310.6646**********  -50.2312  -61.2380
 6310.4487********** 6312.8408**********  -48.8590  -61.3931
 6311.7207********** 6315.1289**********  -47.3718  -60.9131
 6313.0430********** 6317.3726**********  -45.7671  -59.8449
 6314.4077********** 6319.4697**********  -44.0574  -58.2809
 6315.8052********** 6321.3452**********  -42.2523  -56.2968
 6317.2041********** 6322.9849**********  -40.3458  -53.9887
 6318.6162********** 6324.4385**********  -38.3639  -51.4652
 6320.0317********** 6325.7095**********  -36.3165  -48.7692
 6321.4434********** 6326.9072**********  -34.2153  -45.9858
 6322.8374********** 6328.0298**********  -32.0691  -43.1348
 6324.2056********** 6329.0776**********  -29.8878  -40.2359
 6325.5312********** 6330.0552**********  -27.6787  -37.3090
 6326.8135-9311.2441 6330.9854**********  -25.4573  -34.3832
 6328.0464-8498.9434 6331.8613**********  -23.2364  -31.4712
 6329.2227-7691.2930 6332.6841**********  -21.0283  -28.5908
 6330.3379-6893.3613 6333.4561-9421.8008  -18.8467  -25.7595
 6331.3926-6110.7095 6334.1797-8410.7021  -16.7069  -22.9951
 6332.3838-5348.6587 6334.8574-7430.3550  -14.6234  -20.3148
 6333.3110-4612.5303 6335.5088-6480.1562  -12.6108  -17.7171
 6334.1724-3907.6660 6336.1143-5575.0156  -10.6837  -15.2426
 6334.9614-3234.9597 6336.6733-4721.8408   -8.8444  -12.9100
 6335.6846-2606.3926 6337.1846-3927.1196   -7.1259  -10.7372
 6336.3428-2028.8333 6337.6470-3196.9214   -5.5469   -8.7407
 6336.9370-1506.7518 6338.0601-2536.8525   -4.1195   -6.9360
 6337.4673-1038.4916 6338.4219-1952.2234   -2.8393   -5.3375
 6337.9155 -623.7668 6338.7314-1448.0076   -1.7054   -3.9589
 6338.2812 -289.9359 6338.9961-1022.9947   -0.7927   -2.7969
 6338.5708  -22.0296 6339.1851 -683.7858   -0.0602   -1.8694
 6338.8691  150.5294 6339.3872 -321.8394    0.4115   -0.8799
 6339.1821  173.7695 6339.4673 -191.9671    0.4751   -0.5248
 6339.2554  167.1319 6339.4824 -168.6163    0.4569   -0.4609
 6339.3252  156.5096 6339.4966 -147.0034    0.4279   -0.4019
 6339.3892  142.3254 6339.5098 -127.2285    0.3891   -0.3478
 6339.4321  124.4600 6339.5225 -109.3233    0.3403   -0.2988
 6339.4668  105.1214 6339.5337  -93.2601    0.2874   -0.2549
 6339.4961   85.6165 6339.5435  -78.9996    0.2341   -0.2160
 6339.5205   66.9547 6339.5527  -66.5107    0.1831   -0.1818
 6339.5410   49.9862 6339.5605  -55.8024    0.1367   -0.1525
 6339.5576   35.3776 6339.5669  -46.9013    0.0967   -0.1282
 6339.5708   23.6142 6339.5723  -39.8733    0.0646   -0.1090
 6339.5801   15.0214 6339.5757  -34.7796    0.0411   -0.0951
 6339.5859    9.7976 6339.5781  -31.6915    0.0268   -0.0866
 6339.5879    8.0458 6339.5786  -30.6570    0.0220   -0.0838
*SECTION      1
-SECTION-     3   65
>----RAD------XOFF------YOFF------ROTD----CONEANGLE----                                   
    0.0000    0.0000    0.0000    0.0000    0.0000
>----X1--------Y1--------X2--------Y2--------R1-------- R2----                            
 6306.1655********** 6306.1655**********  -47.0449  -47.0449
 6306.1655********** 6306.1655**********  -47.0446  -47.0453
 6306.1665********** 6306.1650**********  -47.0437  -47.0464
 6306.1675********** 6306.1641**********  -47.0422  -47.0483
 6306.1680********** 6306.1626**********  -47.0401  -47.0510
 6306.1694********** 6306.1611**********  -47.0376  -47.0543
 6306.1714********** 6306.1592**********  -47.0345  -47.0582
 6306.1729********** 6306.1567**********  -47.0310  -47.0627
 6306.1748********** 6306.1543**********  -47.0272  -47.0676
 6306.1768********** 6306.1519**********  -47.0230  -47.0730
 6306.1792********** 6306.1489**********  -47.0187  -47.0786
 6306.1816********** 6306.1465**********  -47.0141  -47.0845
 6306.1841********** 6306.1431**********  -47.0095  -47.0904
 6306.1865********** 6306.1406**********  -47.0049  -47.0964
 6306.3008********** 6306.0278**********  -46.8062  -47.3653
 6306.5557********** 6305.8823**********  -46.4458  -47.9070
 6307.0000********** 6305.8501**********  -45.9838  -48.7200
 6307.6040********** 6306.0454**********  -45.4140  -49.7579
 6308.3359********** 6306.4819**********  -44.7221  -50.9614
 6309.1836********** 6307.2549**********  -43.9124  -52.2335
 6310.1226********** 6308.4453**********  -42.9768  -53.4227
 6311.1328********** 6310.0806**********  -41.9128  -54.3092
 6312.2021********** 6312.0732**********  -40.7265  -54.6611
 6313.3232********** 6314.2344**********  -39.4279  -54.4058
 6314.5088********** 6316.4033**********  -38.0468  -53.6008
 6315.7417********** 6318.4658**********  -36.5783  -52.3055
 6317.0146********** 6320.3408**********  -35.0372  -50.5902
 6318.3311********** 6322.0308**********  -33.4402  -48.5715
 6319.6484********** 6323.5308**********  -31.7670  -46.3159
 6320.9639-9783.0459 6324.8950**********  -30.0319  -43.9050
 6322.2739-9201.9824 6326.1440**********  -28.2481  -41.3818
 6323.5703-8608.0635 6327.3003**********  -26.4250  -38.7811
 6324.8491-8005.1987 6328.3867**********  -24.5743  -36.1334
 6326.1113-7398.3857 6329.4146**********  -22.7115  -33.4619
 6327.3418-6789.1182 6330.3882**********  -20.8412  -30.7862
 6328.5322-6180.4077 6331.3081-9160.9365  -18.9726  -28.1222
 6329.6753-5575.2642 6332.1768-8302.4492  -17.1149  -25.4868
 6330.7661-4977.5708 6332.9976-7458.8687  -15.2801  -22.8972
 6331.8003-4390.9805 6333.7729-6635.7134  -13.4794  -20.3703
 6332.7695-3818.6309 6334.5049-5838.4692  -11.7224  -17.9229
 6333.6772-3265.7227 6335.1963-5072.5371  -10.0251  -15.5717
 6334.5220-2736.5776 6335.8638-4343.6191   -8.4007  -13.3341
 6335.3032-2235.0876 6336.5020-3656.7334   -6.8612  -11.2256
 6336.0190-1765.8088 6337.0830-3016.2610   -5.4206   -9.2595
 6336.6699-1332.7705 6337.6040-2427.0588   -4.0913   -7.4507
 6337.2510 -939.5037 6338.0635-1893.9181   -2.8841   -5.8140
 6337.7881 -569.2917 6338.4600-1421.5474   -1.7476   -4.3639
 6338.1992 -283.1890 6338.7910-1010.6346   -0.8694   -3.1024
 6338.5605  -31.5598 6339.0762 -672.2620   -0.0968   -2.0637
 6338.8916  140.6073 6339.3008 -407.8282    0.4316   -1.2519
 6339.3247  134.1238 6339.4453 -214.4662    0.4117   -0.6583
 6340.5215 -124.7026 6339.5161 -116.2539   -0.3828   -0.3569
 6340.6558 -157.3632 6339.5283  -98.4094   -0.4831   -0.3021
 6340.7017 -172.5945 6339.5391  -83.3270   -0.5298   -0.2558
 6340.6704 -172.7835 6339.5479  -70.8390   -0.5303   -0.2174
 6340.5801 -161.0972 6339.5542  -60.6688   -0.4944   -0.1862
 6340.4487 -141.0566 6339.5601  -52.4502   -0.4329   -0.1610
 6340.2944 -116.1459 6339.5640  -45.8370   -0.3564   -0.1407
 6340.1338  -89.5016 6339.5674  -40.5063   -0.2746   -0.1243
 6339.9810  -63.7113 6339.5698  -36.2157   -0.1955   -0.1112
 6339.8452  -40.7283 6339.5723  -32.7963   -0.1249   -0.1007
 6339.7349  -21.8922 6339.5737  -30.1608   -0.0672   -0.0926
 6339.6538   -8.0264 6339.5752  -28.2693   -0.0246   -0.0868
 6339.6040    0.4247 6339.5752  -27.1304    0.0013   -0.0833
 6339.5874    3.2601 6339.5757  -26.7480    0.0100   -0.0821
*SECTION      1
-SECTION-     4   65
>----RAD------XOFF------YOFF------ROTD----CONEANGLE----                                   
    0.0000    0.0000    0.0000    0.0000    0.0000
>----X1--------Y1--------X2--------Y2--------R1-------- R2----                            
 6305.8306********** 6305.8306**********  -46.5806  -46.5806
 6305.8306********** 6305.8306**********  -46.5807  -46.5805
 6305.8306********** 6305.8306**********  -46.5812  -46.5801
 6305.8306********** 6305.8306**********  -46.5819  -46.5795
 6305.8306********** 6305.8306**********  -46.5829  -46.5787
 6305.8306********** 6305.8306**********  -46.5842  -46.5776
 6305.8306********** 6305.8306**********  -46.5857  -46.5764
 6305.8306********** 6305.8306**********  -46.5874  -46.5750
 6305.8311********** 6305.8306**********  -46.5893  -46.5734
 6305.8311********** 6305.8306**********  -46.5914  -46.5717
 6305.8311********** 6305.8306**********  -46.5936  -46.5699
 6305.8311********** 6305.8306**********  -46.5958  -46.5681
 6305.8311********** 6305.8306**********  -46.5981  -46.5662
 6305.8311********** 6305.8311**********  -46.6004  -46.5643
 6305.8535********** 6305.8462**********  -46.8800  -46.3340
 6305.9272********** 6305.9248**********  -47.4190  -45.8932
 6306.1025********** 6306.1357**********  -48.1926  -45.2761
 6306.4663********** 6306.5874**********  -49.1532  -44.5630
 6307.0825********** 6307.3252**********  -50.2364  -43.8507
 6308.0469********** 6308.2119**********  -51.3197  -43.0492
 6309.3979********** 6309.2090**********  -52.2468  -42.1353
 6311.1235********** 6310.2959**********  -52.8031  -41.1056
 6313.0991********** 6311.4419**********  -52.8442  -39.9457
 6315.1704********** 6312.6294**********  -52.3718  -38.6589
 6317.2207********** 6313.8701**********  -51.4254  -37.2734
 6319.1592********** 6315.1611**********  -50.0505  -35.8026
 6320.9370********** 6316.5171**********  -48.3200  -34.2749
 6322.5425********** 6317.8916**********  -46.3130  -32.6676
 6323.9971********** 6319.2969-9742.8418  -44.1041  -31.0059
 6325.3276********** 6320.6904-9197.8027  -41.7497  -29.2713
 6326.5815********** 6322.0791-8636.6797  -39.3028  -27.4855
 6327.7451********** 6323.4556-8062.6045  -36.7777  -25.6586
 6328.8472********** 6324.8164-7479.6304  -34.2083  -23.8033
 6329.8916-9933.8252 6326.1562-6891.7212  -31.6137  -21.9323
 6330.8838-9116.5508 6327.4624-6300.5454  -29.0128  -20.0510
 6331.8237-8302.2979 6328.7266-5709.1411  -26.4215  -18.1689
 6332.7261-7495.2129 6329.9443-5121.1279  -23.8529  -16.2976
 6333.6143-6698.7407 6331.1084-4539.8530  -21.3179  -14.4477
 6334.4614-5921.0884 6332.2104-3968.1973  -18.8428  -12.6285
 6335.2622-5168.1860 6333.2485-3410.6348  -16.4466  -10.8541
 6336.0142-4445.7192 6334.2227-2871.4895  -14.1474   -9.1383
 6336.7124-3759.1157 6335.1299-2354.1956  -11.9624   -7.4920
 6337.3555-3113.4478 6335.9692-1863.7374   -9.9077   -5.9312
 6337.9399-2513.4788 6336.7383-1405.1594   -7.9986   -4.4718
 6338.4658-1963.6365 6337.4414 -980.5608   -6.2489   -3.1206
 6338.9307-1468.0194 6338.0693 -589.7693   -4.6718   -1.8769
 6339.3340-1030.4742 6338.6143 -242.9489   -3.2794   -0.7732
 6339.6943 -631.0333 6339.0835   52.7842   -2.0083    0.1680
 6339.9824 -325.9980 6339.4546  294.3928   -1.0374    0.9369
 6340.2041  -77.1429 6339.7612  492.6625   -0.2455    1.5679
 6340.3584   80.7255 6340.2134  525.3027    0.2569    1.6717
 6340.4453  187.7984 6340.4463  479.8570    0.5977    1.5271
 6340.4678  217.0010 6340.4780  471.0087    0.6906    1.4990
 6340.4790  232.4363 6340.5103  461.3290    0.7397    1.4682
 6340.4907  247.7592 6340.5444  447.1188    0.7885    1.4229
 6340.5020  262.6802 6340.5669  434.1003    0.8360    1.3815
 6340.5127  276.9100 6340.5791  422.2998    0.8813    1.3439
 6340.5225  290.1631 6340.5850  411.7335    0.9234    1.3103
 6340.5312  302.1945 6340.5859  402.4222    0.9617    1.2807
 6340.5396  312.7686 6340.5850  394.3991    0.9954    1.2551
 6340.5464  321.6966 6340.5825  387.7126    1.0238    1.2338
 6340.5518  328.8033 6340.5806  382.4211    1.0464    1.2170
 6340.5557  333.9743 6340.5786  378.5857    1.0629    1.2048
 6340.5576  337.1097 6340.5771  376.2600    1.0728    1.1974
 6340.5586  338.1636 6340.5767  375.4804    1.0762    1.1949
*SECTION      1
-SECTION-     5   65
>----RAD------XOFF------YOFF------ROTD----CONEANGLE----                                   
    0.0000    0.0000    0.0000    0.0000    0.0000
>----X1--------Y1--------X2--------Y2--------R1-------- R2----                            
 6306.2998********** 6306.2998**********  -54.1115  -54.1115
 6306.2998********** 6306.2998**********  -54.1116  -54.1115
 6306.2998********** 6306.2998**********  -54.1119  -54.1117
 6306.2993********** 6306.2993**********  -54.1124  -54.1119
 6306.2993********** 6306.2993**********  -54.1130  -54.1122
 6306.2993********** 6306.2988**********  -54.1139  -54.1125
 6306.2993********** 6306.2983**********  -54.1149  -54.1130
 6306.2988********** 6306.2979**********  -54.1161  -54.1135
 6306.2983********** 6306.2974**********  -54.1175  -54.1141
 6306.2979********** 6306.2969**********  -54.1190  -54.1148
 6306.2974********** 6306.2964**********  -54.1206  -54.1155
 6306.2974********** 6306.2954**********  -54.1223  -54.1163
 6306.2969********** 6306.2949**********  -54.1241  -54.1172
 6306.2964********** 6306.2939**********  -54.1259  -54.1181
 6306.2275********** 6306.2158**********  -54.3495  -54.2539
 6306.0098********** 6305.9741**********  -55.0219  -54.8055
 6305.8086********** 6305.8027**********  -55.8808  -55.6188
 6305.9106********** 6305.8145**********  -57.0021  -55.7598
 6306.3999********** 6306.1436**********  -58.2951  -54.4674
 6307.2866********** 6306.9341**********  -59.6451  -53.3017
 6308.6338********** 6307.9478**********  -60.8631  -52.1712
 6310.4746********** 6309.0669**********  -61.6781  -50.9168
 6312.6553********** 6310.2773**********  -61.8872  -49.5429
 6314.9619********** 6311.5513**********  -61.4469  -48.0451
 6317.2344********** 6312.8750**********  -60.4121  -46.4290
 6319.3555********** 6314.2354**********  -58.8583  -44.7026
 6321.2456********** 6315.6357**********  -56.8702  -42.8859
 6322.9092********** 6317.0308**********  -54.5646  -40.9627
 6324.3657********** 6318.4517**********  -52.0265  -38.9731
 6325.6450********** 6319.8721**********  -49.3186  -36.9151
 6326.8271********** 6321.2817**********  -46.5133  -34.7988
 6327.9414********** 6322.6714**********  -43.6428  -32.6350
 6329.0010********** 6324.0317**********  -40.7332  -30.4348
 6329.9839********** 6325.3525**********  -37.7952  -28.2088
 6330.8979********** 6326.6294-9577.0957  -34.8488  -25.9707
 6331.7485********** 6327.8564-8752.1445  -31.9129  -23.7336
 6332.5430********** 6329.0303-7932.4863  -29.0072  -21.5109
 6333.3174-9645.7373 6330.1426-7122.8032  -26.1571  -19.3152
 6334.0459-8619.8447 6331.1938-6328.8267  -23.3752  -17.1622
 6334.7285-7625.7319 6332.1831-5555.9150  -20.6795  -15.0662
 6335.3657-6669.8926 6333.1079-4809.4473  -18.0875  -13.0420
 6335.9575-5758.7100 6333.9663-4094.6921  -15.6166  -11.1038
 6336.5024-4898.4409 6334.7549-3415.6609  -13.2837   -9.2624
 6337.0024-4095.2310 6335.4766-2779.9485  -11.1055   -7.5385
 6337.4551-3355.0476 6336.1323-2192.9651   -9.0982   -5.9468
 6337.8604-2683.7825 6336.7222-1659.0167   -7.2778   -4.4989
 6338.2163-2087.1606 6337.2412-1183.2670   -5.6599   -3.2088
 6338.5405-1544.1299 6337.7036 -743.7994   -4.1872   -2.0170
 6338.7783-1134.4810 6338.0342 -422.3493   -3.0764   -1.1454
 6338.9741 -791.5764 6338.4312  -26.0647   -2.1466   -0.0707
 6339.1279 -541.7934 6338.6367   12.3778   -1.4692    0.0336
 6339.2104 -406.3837 6339.3193  173.1434   -1.1020    0.4697
 6339.2310 -368.2232 6339.3105  136.8502   -0.9986    0.3714
 6339.2500 -330.4477 6339.2397   76.3405   -0.8961    0.2072
 6339.2661 -295.9967 6339.1553   10.5576   -0.8027    0.0287
 6339.2803 -264.8861 6339.1987   -7.7785   -0.7183   -0.0211
 6339.2925 -237.0512 6339.2334  -27.6680   -0.6429   -0.0751
 6339.3027 -212.3852 6339.2607  -47.8898   -0.5760   -0.1300
 6339.3115 -190.8305 6339.2817  -67.3372   -0.5175   -0.1827
 6339.3188 -172.3628 6339.2988  -85.0776   -0.4674   -0.2308
 6339.3247 -157.0345 6339.3120 -100.3813   -0.4259   -0.2723
 6339.3291 -144.9250 6339.3223 -112.7186   -0.3930   -0.3057
 6339.3325 -136.1539 6339.3296 -121.7358   -0.3692   -0.3302
 6339.3345 -130.8388 6339.3340 -127.2191   -0.3548   -0.3450
 6339.3354 -129.0581 6339.3354 -129.0581   -0.3500   -0.3500
